#OTU ID	Pseudomonadota	Actinomycetota	Chloroflexota	Bacillota	Cyanobacteriota	Candidatus Melainabacteria	Candidatus Margulisbacteria	Deinococcota	Armatimonadota	Mycoplasmatota	Thermomicrobiota	Candidatus Kaiserbacteria	Candidatus Nomurabacteria	Candidatus Yanofskybacteria	Candidatus Azambacteria	Candidatus Falkowbacteria	Candidatus Magasanikbacteria	Candidatus Nealsonbacteria	Candidatus Uhrbacteria	Candidatus Giovannonibacteria	Candidatus Moranbacteria	Candidatus Zambryskibacteria	Candidatus Staskawiczbacteria	Candidatus Wolfebacteria	Candidatus Harrisonbacteria	Candidatus Taylorbacteria	Candidatus Buchananbacteria	Candidatus Portnoybacteria	Candidatus Adlerbacteria	Candidatus Sungbacteria	Candidatus Jorgensenbacteria	Candidatus Liptonbacteria	Candidatus Tagabacteria	Candidatus Ryanbacteria	Candidatus Wildermuthbacteria	Candidatus Komeilibacteria	Candidatus Kuenenbacteria	Candidatus Lloydbacteria	Candidatus Kerfeldbacteria	Candidatus Terrybacteria	Candidatus Yonathbacteria	Candidatus Niyogibacteria	Candidatus Campbellbacteria	Candidatus Colwellbacteria	Candidatus Vogelbacteria	Candidatus Spechtbacteria	Candidatus Brennerbacteria	Candidatus Andersenbacteria	Candidatus Parcubacteria	Candidatus Woesebacteria	Candidatus Gottesmanbacteria	Candidatus Roizmanbacteria	Candidatus Levybacteria	Candidatus Daviesbacteria	Candidatus Curtissbacteria	Candidatus Shapirobacteria	Candidatus Beckwithbacteria	Candidatus Amesbacteria	Candidatus Chisholmbacteria	Candidatus Collierbacteria	Candidatus Woykebacteria	Candidatus Pacebacteria	Candidatus Blackburnbacteria	Candidatus Microgenomates	Candidatus Gracilibacteria	candidate division NC10	Candidatus Rokubacteria	Candidatus Handelsmanbacteria	Candidatus Schekmanbacteria	Candidatus Aminicenantes	Candidatus Glassbacteria	candidate division WWE3	Candidatus Peregrinibacteria	Candidatus Doudnabacteria	Candidatus Berkelbacteria	Candidatus Gribaldobacteria	Candidatus Saccharibacteria	Candidatus Eisenbacteria	Candidatus Desantisbacteria	Candidatus Edwardsbacteria	Candidatus Lindowbacteria	Candidatus Ratteibacteria	Candidatus Dadabacteria	Candidatus Firestonebacteria	Candidatus Raymondbacteria	Candidatus Riflebacteria	Candidatus Wallbacteria	candidate division CPR1	Candidatus Coatesbacteria	Candidatus Bipolaricaulota	Candidatus Blackallbacteria	candidate division CPR2	Candidatus Fraserbacteria	Candidatus Fischerbacteria	Candidatus Sumerlaeota	candidate division WOR-3	Candidatus Wirthbacteria	Candidatus Abawacabacteria	Candidatus Absconditabacteria	candidate division CPR3	Candidatus Calescamantes	Planctomycetota	Candidatus Omnitrophica	Verrucomicrobiota	Lentisphaerota	Chlamydiota	Kiritimatiellota	Thermodesulfobacteriota	Nitrospirota	Campylobacterota	Bacteroidota	Ignavibacteriota	Chlorobiota	Balneolota	Gemmatimonadota	candidate division Zixibacteria	Candidatus Marinimicrobia	Candidatus Hydrogenedentes	Fibrobacterota	Candidatus Cloacimonetes	Elusimicrobiota	Acidobacteriota	Myxococcota	Nitrospinota	Candidatus Tectomicrobia	Spirochaetota	Bdellovibrionota	Synergistota	Caldisericota	Fusobacteriota	Thermotogota	Atribacterota	Chrysiogenota	Aquificota	Calditrichota	Deferribacterota	Dictyoglomota	Coprothermobacterota	Nitrososphaerota	Candidatus Bathyarchaeota	Thermoproteota	Candidatus Korarchaeota	Euryarchaeota	Candidatus Woesearchaeota	Nanoarchaeota	Candidatus Micrarchaeota	Candidatus Diapherotrites	Candidatus Altiarchaeota	Candidatus Aenigmarchaeota	Candidatus Thermoplasmatota	Candidatus Heimdallarchaeota	Candidatus Lokiarchaeota
Pseudomonadota	1.0000	-0.0011	-0.0059	-0.0026	-0.0030	-0.0097	-0.0047	-0.0108	-0.0076	-0.0101	-0.0104	-0.0079	-0.0064	-0.0126	-0.0039	-0.0095	-0.0028	-0.0105	-0.0055	-0.0033	-0.0087	-0.0022	-0.0096	-0.0055	-0.0039	-0.0064	-0.0060	-0.0036	-0.0061	-0.0041	-0.0091	-0.0090	-0.0081	-0.0031	-0.0050	-0.0024	-0.0029	-0.0031	-0.0038	-0.0063	-0.0026	-0.0107	-0.0015	-0.0036	-0.0023	-0.0068	-0.0026	-0.0106	-0.0036	-0.0074	-0.0038	-0.0069	-0.0057	-0.0093	-0.0095	-0.0030	-0.0016	-0.0108	-0.0129	-0.0061	-0.0029	-0.0076	-0.0148	-0.0043	-0.0033	-0.0042	-0.0088	-0.0046	-0.0076	-0.0042	-0.0098	-0.0059	-0.0039	-0.0057	-0.0064	-0.0101	-0.0083	-0.0073	-0.0112	-0.0061	-0.0085	-0.0037	-0.0071	-0.0053	-0.0070	-0.0115	-0.0053	-0.0038	-0.0084	-0.0105	-0.0147	0.0006	-0.0092	-0.0044	-0.0035	-0.0061	-0.0032	-0.0096	-0.0066	-0.0039	-0.0050	-0.0023	-0.0062	-0.0095	-0.0101	-0.0074	-0.0074	-0.0050	-0.0043	-0.0016	-0.0136	-0.0013	-0.0032	-0.0065	-0.0031	-0.0092	0.0018	-0.0096	-0.0062	-0.0028	-0.0045	-0.0058	-0.0079	-0.0054	-0.0082	-0.0021	-0.0097	-0.0108	-0.0057	-0.0042	-0.0014	-0.0065	-0.0050	-0.0006	-0.0070	-0.0112	-0.0104	-0.0085	-0.0077	-0.0100	-0.0095	-0.0089	-0.0050	-0.0081	-0.0072	-0.0063	-0.0094	-0.0042	-0.0065	-0.0100	-0.0024	-0.0014
Actinomycetota	-0.0011	1.0000	-0.0055	-0.0071	-0.0105	-0.0037	-0.0067	-0.0098	-0.0075	-0.0041	-0.0119	-0.0066	-0.0116	-0.0099	0.0030	-0.0043	0.0006	-0.0045	-0.0053	-0.0112	-0.0056	-0.0117	-0.0087	-0.0085	-0.0050	0.0008	-0.0104	-0.0046	-0.0069	-0.0099	-0.0063	-0.0145	-0.0016	-0.0049	-0.0125	-0.0087	-0.0017	-0.0072	-0.0048	-0.0095	-0.0099	-0.0050	-0.0070	-0.0042	-0.0090	-0.0026	-0.0112	-0.0022	-0.0085	-0.0099	-0.0002	-0.0055	-0.0053	-0.0083	-0.0042	-0.0078	-0.0001	-0.0079	-0.0077	-0.0083	-0.0095	-0.0041	-0.0039	-0.0101	-0.0059	-0.0136	-0.0074	-0.0107	-0.0132	-0.0088	-0.0035	-0.0081	-0.0084	-0.0116	-0.0110	-0.0102	-0.0076	-0.0065	-0.0060	-0.0080	-0.0079	-0.0041	-0.0046	-0.0019	-0.0099	-0.0119	-0.0026	-0.0027	-0.0123	-0.0083	-0.0057	-0.0081	-0.0078	-0.0089	-0.0046	-0.0039	-0.0017	-0.0073	-0.0052	-0.0150	-0.0045	-0.0100	-0.0089	-0.0037	-0.0075	-0.0061	-0.0128	-0.0063	-0.0078	-0.0084	-0.0113	-0.0131	0.0015	-0.0062	-0.0051	-0.0146	0.0004	-0.0057	-0.0012	-0.0147	-0.0109	-0.0040	-0.0081	-0.0150	-0.0111	-0.0100	-0.0083	-0.0074	-0.0096	-0.0099	-0.0107	-0.0036	-0.0058	-0.0088	-0.0069	-0.0087	-0.0057	-0.0076	-0.0034	-0.0087	-0.0098	-0.0089	-0.0104	-0.0110	-0.0075	-0.0062	-0.0090	-0.0039	-0.0104	-0.0072	-0.0131	-0.0088
Chloroflexota	-0.0059	-0.0055	1.0000	-0.0111	-0.0073	-0.0063	-0.0032	-0.0041	-0.0103	-0.0142	-0.0058	-0.0032	-0.0090	-0.0058	-0.0058	-0.0039	-0.0098	-0.0076	-0.0042	-0.0132	-0.0095	-0.0129	-0.0093	-0.0046	-0.0117	-0.0065	-0.0063	-0.0094	-0.0027	-0.0084	-0.0091	-0.0068	-0.0098	-0.0063	-0.0097	-0.0105	-0.0129	-0.0036	-0.0056	-0.0132	-0.0078	-0.0032	-0.0075	-0.0054	-0.0064	-0.0075	-0.0099	-0.0075	-0.0057	-0.0077	-0.0115	-0.0036	-0.0096	-0.0076	-0.0032	-0.0019	-0.0110	-0.0106	-0.0073	-0.0129	-0.0040	-0.0023	-0.0101	-0.0025	-0.0083	-0.0059	-0.0045	-0.0066	-0.0064	-0.0105	-0.0128	-0.0034	-0.0113	-0.0122	-0.0052	-0.0068	-0.0109	-0.0118	-0.0012	-0.0103	-0.0004	-0.0050	0.0003	-0.0077	-0.0104	-0.0044	-0.0044	-0.0091	-0.0078	-0.0120	-0.0076	-0.0109	-0.0059	-0.0138	-0.0039	-0.0026	-0.0111	-0.0106	-0.0074	-0.0114	-0.0079	-0.0012	-0.0065	-0.0140	-0.0130	-0.0099	-0.0093	-0.0070	-0.0089	-0.0096	-0.0027	-0.0014	-0.0009	-0.0077	-0.0045	-0.0083	-0.0099	-0.0071	-0.0068	-0.0066	-0.0050	-0.0078	-0.0021	-0.0082	-0.0092	-0.0111	-0.0045	-0.0024	-0.0082	-0.0052	-0.0111	-0.0136	-0.0076	-0.0035	-0.0071	-0.0163	-0.0050	-0.0053	-0.0149	-0.0100	-0.0082	-0.0038	-0.0056	-0.0079	-0.0095	-0.0101	0.0012	-0.0102	-0.0052	-0.0082	-0.0093	-0.0080
Bacillota	-0.0026	-0.0071	-0.0111	1.0000	-0.0080	-0.0097	-0.0093	-0.0056	-0.0041	-0.0106	-0.0123	-0.0132	-0.0068	-0.0107	-0.0113	-0.0117	-0.0109	-0.0029	-0.0042	-0.0060	-0.0090	-0.0162	-0.0089	-0.0080	-0.0040	-0.0103	-0.0063	-0.0079	-0.0100	-0.0146	-0.0092	-0.0105	-0.0060	-0.0055	-0.0019	-0.0069	-0.0026	-0.0059	-0.0042	-0.0060	-0.0080	-0.0012	-0.0051	-0.0106	-0.0080	-0.0069	-0.0113	-0.0085	-0.0073	-0.0095	0.0004	-0.0056	-0.0062	-0.0138	-0.0081	-0.0033	-0.0113	-0.0088	-0.0174	-0.0054	-0.0080	-0.0123	-0.0066	-0.0082	-0.0070	-0.0034	-0.0074	-0.0075	-0.0082	-0.0122	-0.0046	-0.0103	-0.0044	-0.0072	-0.0083	-0.0042	-0.0101	-0.0109	-0.0123	-0.0038	-0.0165	-0.0047	-0.0052	-0.0094	-0.0151	-0.0116	-0.0080	-0.0073	-0.0014	-0.0123	-0.0013	-0.0092	-0.0045	-0.0055	0.0005	-0.0114	-0.0110	-0.0131	-0.0122	-0.0047	-0.0134	-0.0019	-0.0066	-0.0070	-0.0073	-0.0080	-0.0090	-0.0094	-0.0043	-0.0083	-0.0063	-0.0076	-0.0030	-0.0142	-0.0071	-0.0086	-0.0070	-0.0090	-0.0088	-0.0055	-0.0030	-0.0052	-0.0096	-0.0132	-0.0099	-0.0034	-0.0029	-0.0057	-0.0068	-0.0037	-0.0071	-0.0072	-0.0104	-0.0088	-0.0068	-0.0018	-0.0075	-0.0068	-0.0068	-0.0135	-0.0077	-0.0124	-0.0061	-0.0061	-0.0028	-0.0101	-0.0035	-0.0083	-0.0065	-0.0160	-0.0092	-0.0077
Cyanobacteriota	-0.0030	-0.0105	-0.0073	-0.0080	1.0000	-0.0008	-0.0141	-0.0088	-0.0046	-0.0150	-0.0093	-0.0034	-0.0121	-0.0026	-0.0006	-0.0055	-0.0062	-0.0079	-0.0033	-0.0124	-0.0087	-0.0076	-0.0075	-0.0107	-0.0123	-0.0075	-0.0060	-0.0065	-0.0021	-0.0101	-0.0081	-0.0091	-0.0072	0.0019	-0.0106	-0.0107	-0.0053	-0.0121	-0.0083	-0.0084	-0.0026	-0.0083	-0.0080	-0.0122	-0.0034	-0.0118	-0.0053	-0.0053	-0.0040	-0.0055	-0.0108	-0.0058	-0.0129	-0.0100	-0.0131	-0.0141	-0.0107	-0.0016	-0.0044	-0.0052	0.0006	-0.0087	-0.0106	-0.0088	0.0005	-0.0031	-0.0092	-0.0135	-0.0104	-0.0075	-0.0028	-0.0069	-0.0095	-0.0032	-0.0099	-0.0067	-0.0064	-0.0063	-0.0095	-0.0023	-0.0086	-0.0099	-0.0068	-0.0084	-0.0098	-0.0107	-0.0032	-0.0127	-0.0038	-0.0037	-0.0080	-0.0084	-0.0121	-0.0083	-0.0085	-0.0086	-0.0063	-0.0075	-0.0067	-0.0041	-0.0113	-0.0073	-0.0096	-0.0134	-0.0097	-0.0082	-0.0084	-0.0096	-0.0045	-0.0104	-0.0091	-0.0082	-0.0027	-0.0070	-0.0106	-0.0108	-0.0065	-0.0067	-0.0050	-0.0058	-0.0100	-0.0093	-0.0084	-0.0170	-0.0058	-0.0062	0.0008	-0.0060	-0.0069	-0.0125	-0.0093	-0.0041	-0.0088	-0.0141	-0.0058	-0.0087	-0.0103	-0.0143	-0.0088	-0.0068	-0.0066	-0.0058	-0.0037	-0.0099	-0.0102	-0.0089	-0.0049	-0.0100	-0.0090	-0.0054	-0.0120	-0.0048
Candidatus Melainabacteria	-0.0097	-0.0037	-0.0063	-0.0097	-0.0008	1.0000	-0.0043	-0.0082	-0.0142	-0.0066	-0.0058	-0.0046	-0.0032	-0.0098	-0.0028	-0.0126	-0.0119	-0.0095	-0.0061	-0.0088	-0.0062	-0.0121	-0.0042	-0.0021	-0.0090	-0.0053	-0.0071	-0.0103	-0.0036	-0.0116	-0.0081	-0.0103	-0.0086	-0.0108	-0.0098	-0.0044	-0.0107	-0.0116	-0.0046	-0.0102	-0.0082	-0.0053	-0.0045	-0.0112	-0.0006	-0.0086	-0.0119	-0.0067	-0.0039	-0.0075	-0.0031	-0.0060	-0.0047	-0.0079	-0.0081	-0.0057	-0.0041	-0.0083	-0.0093	-0.0040	0.0046	-0.0111	-0.0071	0.0022	-0.0081	-0.0044	-0.0138	-0.0064	-0.0128	-0.0072	-0.0128	-0.0043	-0.0068	-0.0072	-0.0096	-0.0089	-0.0059	0.0008	-0.0039	-0.0081	-0.0112	-0.0039	-0.0092	-0.0099	-0.0092	-0.0147	-0.0010	-0.0128	-0.0111	-0.0011	0.0012	-0.0033	-0.0125	-0.0026	-0.0058	-0.0097	-0.0089	-0.0059	-0.0045	-0.0094	-0.0118	-0.0056	-0.0095	-0.0168	-0.0061	-0.0051	-0.0048	-0.0018	-0.0092	-0.0073	-0.0170	-0.0082	-0.0108	-0.0052	-0.0046	-0.0122	-0.0097	-0.0100	-0.0109	-0.0040	-0.0183	-0.0146	-0.0144	-0.0076	-0.0042	-0.0146	-0.0127	-0.0040	-0.0079	-0.0127	-0.0100	-0.0036	-0.0006	-0.0046	-0.0107	-0.0046	-0.0105	0.0012	-0.0107	-0.0075	-0.0058	-0.0089	-0.0102	-0.0120	-0.0026	-0.0032	-0.0053	-0.0112	-0.0069	-0.0110	-0.0064	-0.0030
Candidatus Margulisbacteria	-0.0047	-0.0067	-0.0032	-0.0093	-0.0141	-0.0043	1.0000	-0.0118	-0.0072	-0.0080	-0.0093	-0.0092	-0.0099	-0.0072	-0.0086	-0.0071	-0.0061	-0.0110	-0.0078	-0.0052	-0.0054	-0.0115	-0.0036	-0.0079	-0.0067	-0.0098	-0.0112	-0.0069	-0.0126	-0.0106	-0.0073	-0.0072	-0.0043	-0.0050	-0.0108	-0.0068	-0.0057	-0.0101	-0.0047	-0.0097	-0.0096	-0.0052	-0.0073	-0.0112	-0.0062	-0.0075	-0.0046	-0.0059	-0.0052	-0.0096	-0.0074	-0.0112	-0.0080	-0.0107	-0.0065	-0.0070	-0.0073	-0.0079	-0.0101	-0.0081	-0.0035	-0.0153	-0.0109	-0.0082	-0.0065	-0.0037	-0.0069	-0.0109	-0.0078	-0.0064	-0.0117	-0.0073	-0.0026	-0.0049	-0.0061	-0.0005	-0.0071	-0.0059	-0.0105	-0.0123	-0.0048	-0.0058	-0.0034	-0.0116	-0.0109	-0.0080	-0.0051	-0.0047	-0.0035	-0.0012	-0.0052	-0.0010	-0.0039	-0.0071	-0.0041	-0.0047	-0.0065	-0.0097	-0.0106	-0.0116	-0.0040	-0.0092	-0.0047	-0.0093	-0.0148	-0.0087	-0.0113	-0.0077	-0.0048	-0.0107	-0.0086	-0.0110	-0.0028	-0.0096	-0.0048	-0.0086	-0.0093	-0.0041	-0.0086	-0.0054	-0.0050	-0.0038	-0.0029	-0.0062	-0.0133	-0.0083	-0.0058	-0.0081	-0.0085	-0.0112	-0.0092	-0.0065	-0.0089	-0.0083	-0.0073	-0.0051	-0.0090	-0.0115	-0.0098	-0.0078	-0.0079	-0.0100	-0.0113	-0.0092	-0.0074	-0.0093	-0.0079	-0.0092	-0.0065	-0.0062	-0.0040	-0.0087
Deinococcota	-0.0108	-0.0098	-0.0041	-0.0056	-0.0088	-0.0082	-0.0118	1.0000	-0.0118	-0.0108	-0.0000	-0.0077	-0.0053	-0.0044	-0.0081	-0.0063	-0.0071	-0.0038	-0.0098	-0.0082	-0.0041	-0.0111	-0.0105	-0.0080	-0.0098	-0.0050	-0.0104	-0.0073	-0.0116	-0.0118	-0.0094	-0.0064	-0.0142	-0.0093	-0.0074	-0.0128	-0.0076	-0.0078	-0.0091	-0.0084	-0.0069	-0.0065	-0.0069	-0.0047	-0.0077	-0.0063	-0.0058	-0.0131	-0.0118	-0.0107	-0.0149	-0.0086	-0.0095	-0.0097	-0.0053	-0.0055	-0.0100	-0.0043	-0.0094	-0.0087	-0.0101	-0.0113	-0.0091	-0.0081	-0.0046	-0.0034	-0.0052	-0.0096	-0.0051	-0.0053	-0.0063	-0.0067	-0.0068	-0.0119	-0.0108	-0.0066	-0.0071	-0.0072	-0.0097	-0.0056	-0.0103	-0.0108	-0.0034	-0.0055	-0.0077	-0.0021	-0.0081	-0.0049	0.0002	-0.0104	-0.0054	-0.0066	-0.0108	-0.0010	-0.0022	-0.0092	-0.0074	-0.0072	-0.0078	-0.0105	-0.0094	-0.0130	-0.0085	-0.0079	-0.0045	-0.0096	-0.0009	-0.0002	-0.0088	0.0011	-0.0033	-0.0046	-0.0093	-0.0048	-0.0066	-0.0142	-0.0044	-0.0069	-0.0079	-0.0022	-0.0102	-0.0077	-0.0010	-0.0042	-0.0060	-0.0100	-0.0027	-0.0069	-0.0077	-0.0039	-0.0117	-0.0029	-0.0076	-0.0080	-0.0061	-0.0060	-0.0101	-0.0079	-0.0084	-0.0085	-0.0118	-0.0142	-0.0085	-0.0058	-0.0022	-0.0056	-0.0010	-0.0082	-0.0115	-0.0063	-0.0061	-0.0112
Armatimonadota	-0.0076	-0.0075	-0.0103	-0.0041	-0.0046	-0.0142	-0.0072	-0.0118	1.0000	-0.0108	-0.0029	-0.0086	-0.0112	-0.0098	-0.0056	-0.0068	-0.0035	-0.0000	-0.0029	-0.0093	-0.0065	-0.0057	-0.0087	-0.0108	-0.0054	-0.0072	-0.0051	-0.0067	-0.0050	-0.0037	-0.0097	-0.0047	-0.0037	-0.0035	-0.0098	-0.0091	-0.0076	-0.0098	-0.0023	-0.0004	-0.0156	-0.0098	-0.0036	-0.0093	-0.0056	-0.0104	-0.0057	-0.0031	-0.0172	-0.0110	-0.0072	-0.0107	-0.0086	-0.0111	-0.0091	-0.0063	-0.0066	-0.0030	-0.0093	-0.0067	-0.0053	-0.0060	-0.0030	-0.0056	-0.0109	-0.0074	-0.0164	-0.0109	-0.0107	-0.0122	-0.0090	-0.0123	-0.0080	-0.0102	-0.0028	-0.0054	-0.0138	-0.0068	-0.0107	-0.0074	-0.0108	-0.0054	-0.0104	-0.0037	-0.0086	-0.0092	-0.0010	-0.0088	-0.0107	-0.0069	-0.0076	-0.0062	-0.0029	-0.0106	-0.0058	-0.0070	-0.0102	-0.0094	-0.0100	-0.0049	0.0006	-0.0089	0.0003	-0.0052	-0.0059	-0.0079	-0.0034	-0.0099	-0.0096	-0.0088	-0.0072	-0.0018	-0.0049	-0.0116	-0.0059	-0.0080	-0.0062	-0.0071	-0.0069	-0.0080	-0.0084	0.0010	-0.0091	-0.0078	-0.0078	-0.0058	-0.0057	-0.0046	-0.0124	-0.0115	-0.0098	-0.0041	-0.0124	-0.0030	-0.0082	-0.0101	-0.0103	-0.0060	-0.0107	-0.0100	-0.0053	-0.0019	-0.0008	-0.0050	-0.0091	-0.0091	-0.0020	-0.0051	-0.0045	-0.0073	-0.0113	-0.0100
Mycoplasmatota	-0.0101	-0.0041	-0.0142	-0.0106	-0.0150	-0.0066	-0.0080	-0.0108	-0.0108	1.0000	-0.0074	-0.0153	-0.0106	-0.0071	-0.0094	-0.0088	-0.0097	-0.0106	-0.0047	-0.0071	-0.0099	-0.0049	-0.0038	-0.0143	-0.0072	-0.0083	-0.0152	-0.0038	-0.0066	-0.0149	-0.0079	-0.0063	-0.0051	-0.0101	-0.0043	-0.0085	-0.0136	-0.0069	-0.0083	-0.0050	-0.0096	-0.0014	-0.0043	-0.0066	-0.0067	-0.0044	-0.0124	-0.0058	-0.0037	-0.0071	-0.0041	-0.0070	-0.0074	-0.0082	-0.0034	-0.0096	-0.0046	-0.0064	-0.0034	-0.0030	-0.0056	-0.0052	-0.0057	-0.0074	-0.0090	-0.0126	-0.0025	-0.0063	-0.0112	-0.0090	-0.0045	-0.0054	-0.0070	-0.0065	-0.0098	-0.0071	-0.0119	-0.0078	-0.0057	-0.0085	-0.0084	-0.0117	-0.0048	-0.0076	-0.0074	-0.0045	-0.0038	-0.0087	-0.0055	-0.0132	-0.0056	-0.0039	-0.0055	-0.0046	0.0002	-0.0080	-0.0092	-0.0056	-0.0055	-0.0092	-0.0097	-0.0015	-0.0100	-0.0076	-0.0155	-0.0075	-0.0029	-0.0139	-0.0072	-0.0032	-0.0038	-0.0062	-0.0111	-0.0098	-0.0060	-0.0115	-0.0035	-0.0044	-0.0094	-0.0141	-0.0065	-0.0112	-0.0067	0.0005	-0.0081	-0.0092	-0.0136	-0.0120	-0.0067	-0.0090	-0.0104	-0.0057	-0.0000	-0.0123	-0.0017	-0.0049	-0.0018	-0.0049	-0.0107	-0.0059	-0.0044	-0.0134	-0.0101	-0.0080	-0.0104	-0.0096	-0.0072	-0.0073	-0.0023	-0.0127	-0.0084	-0.0080
Thermomicrobiota	-0.0104	-0.0119	-0.0058	-0.0123	-0.0093	-0.0058	-0.0093	-0.0000	-0.0029	-0.0074	1.0000	-0.0115	-0.0080	-0.0063	-0.0124	-0.0039	0.0037	-0.0065	-0.0055	-0.0049	-0.0035	-0.0078	-0.0063	-0.0092	-0.0095	-0.0136	-0.0028	-0.0097	-0.0110	-0.0129	-0.0148	-0.0127	-0.0077	-0.0114	-0.0077	-0.0127	-0.0074	-0.0005	-0.0040	-0.0115	-0.0129	-0.0116	-0.0033	-0.0046	-0.0055	-0.0036	-0.0043	-0.0097	-0.0064	-0.0045	-0.0058	-0.0052	-0.0092	-0.0053	-0.0082	-0.0058	-0.0098	-0.0060	-0.0069	-0.0075	-0.0033	-0.0108	-0.0055	-0.0075	-0.0104	-0.0066	-0.0128	-0.0106	-0.0140	-0.0069	-0.0080	-0.0051	-0.0045	-0.0048	-0.0085	-0.0079	-0.0091	-0.0092	-0.0050	-0.0100	-0.0055	-0.0065	-0.0086	-0.0075	-0.0038	-0.0059	-0.0081	-0.0074	-0.0080	-0.0087	-0.0091	-0.0080	-0.0137	-0.0069	-0.0080	-0.0022	-0.0062	0.0020	-0.0037	-0.0081	-0.0070	-0.0030	-0.0029	-0.0092	-0.0100	-0.0077	-0.0030	-0.0046	-0.0065	-0.0138	-0.0094	-0.0059	-0.0060	-0.0025	-0.0105	-0.0057	-0.0086	-0.0182	-0.0064	-0.0098	-0.0118	-0.0071	-0.0090	-0.0046	-0.0115	-0.0067	-0.0089	-0.0110	-0.0024	-0.0072	-0.0089	-0.0065	-0.0072	-0.0110	-0.0072	-0.0013	-0.0076	-0.0119	-0.0094	-0.0048	-0.0098	-0.0092	-0.0097	-0.0085	-0.0006	-0.0111	-0.0070	-0.0096	-0.0117	-0.0106	-0.0010	-0.0123
Candidatus Kaiserbacteria	-0.0079	-0.0066	-0.0032	-0.0132	-0.0034	-0.0046	-0.0092	-0.0077	-0.0086	-0.0153	-0.0115	1.0000	-0.0063	-0.0064	-0.0031	-0.0120	-0.0061	-0.0040	-0.0094	-0.0045	-0.0095	-0.0101	-0.0085	-0.0015	-0.0013	-0.0069	-0.0147	-0.0099	0.0012	-0.0072	0.0041	-0.0078	-0.0078	-0.0040	-0.0088	-0.0072	0.0008	-0.0027	-0.0055	-0.0073	-0.0068	-0.0082	-0.0073	-0.0078	-0.0077	-0.0102	-0.0072	-0.0118	-0.0075	-0.0067	-0.0052	-0.0118	-0.0110	-0.0019	-0.0079	-0.0046	-0.0078	-0.0099	0.0006	-0.0096	-0.0059	-0.0124	-0.0073	-0.0076	-0.0063	-0.0146	-0.0056	-0.0025	-0.0064	-0.0087	-0.0037	-0.0061	-0.0075	-0.0063	-0.0153	-0.0050	-0.0072	-0.0082	-0.0092	-0.0104	-0.0133	-0.0052	-0.0138	-0.0083	-0.0074	-0.0116	-0.0119	-0.0150	-0.0144	-0.0062	-0.0075	-0.0012	-0.0079	-0.0061	-0.0090	-0.0018	-0.0120	-0.0108	-0.0066	-0.0069	-0.0014	-0.0067	-0.0042	-0.0075	-0.0052	-0.0110	-0.0081	-0.0060	-0.0044	-0.0060	-0.0112	-0.0075	-0.0105	-0.0075	-0.0044	-0.0103	-0.0116	-0.0115	-0.0055	-0.0057	-0.0101	-0.0107	-0.0097	-0.0067	-0.0076	-0.0110	-0.0111	-0.0073	-0.0102	-0.0044	-0.0070	-0.0089	-0.0089	-0.0074	-0.0025	-0.0024	-0.0068	-0.0099	-0.0071	-0.0115	-0.0031	-0.0060	-0.0024	-0.0075	-0.0017	-0.0021	-0.0103	-0.0019	-0.0022	-0.0081	-0.0115	-0.0082
Candidatus Nomurabacteria	-0.0064	-0.0116	-0.0090	-0.0068	-0.0121	-0.0032	-0.0099	-0.0053	-0.0112	-0.0106	-0.0080	-0.0063	1.0000	-0.0100	-0.0041	-0.0040	-0.0024	-0.0120	-0.0097	-0.0094	-0.0078	-0.0134	-0.0025	-0.0065	-0.0030	-0.0028	-0.0100	-0.0082	-0.0075	-0.0083	-0.0110	-0.0143	-0.0043	-0.0080	-0.0027	-0.0108	-0.0060	-0.0084	-0.0097	-0.0108	-0.0033	-0.0089	-0.0069	-0.0092	-0.0061	-0.0079	-0.0080	-0.0029	-0.0034	-0.0106	-0.0072	-0.0070	-0.0084	-0.0093	-0.0077	-0.0141	-0.0035	-0.0120	-0.0061	-0.0077	-0.0062	-0.0043	-0.0016	-0.0111	-0.0060	-0.0093	-0.0092	-0.0102	-0.0047	-0.0103	-0.0067	-0.0076	-0.0054	-0.0035	-0.0136	-0.0004	-0.0036	-0.0101	-0.0100	-0.0025	-0.0072	-0.0088	-0.0071	-0.0082	0.0030	-0.0081	-0.0045	-0.0130	-0.0070	-0.0006	-0.0064	-0.0107	-0.0081	-0.0078	-0.0080	-0.0144	-0.0050	-0.0096	-0.0063	-0.0094	-0.0049	-0.0156	-0.0107	-0.0067	-0.0110	-0.0063	-0.0035	-0.0069	-0.0041	-0.0037	-0.0070	-0.0085	-0.0121	-0.0046	-0.0086	-0.0035	-0.0110	-0.0050	-0.0084	-0.0062	-0.0087	-0.0024	-0.0059	-0.0069	-0.0043	-0.0113	-0.0098	-0.0015	-0.0094	-0.0015	-0.0063	-0.0073	-0.0133	-0.0070	-0.0084	-0.0095	-0.0064	-0.0180	-0.0062	-0.0096	-0.0036	-0.0105	-0.0173	-0.0110	-0.0094	-0.0103	-0.0165	-0.0035	-0.0077	-0.0032	-0.0043	-0.0023
Candidatus Yanofskybacteria	-0.0126	-0.0099	-0.0058	-0.0107	-0.0026	-0.0098	-0.0072	-0.0044	-0.0098	-0.0071	-0.0063	-0.0064	-0.0100	1.0000	-0.0065	-0.0099	-0.0120	-0.0179	-0.0049	-0.0017	-0.0075	-0.0015	-0.0038	-0.0101	-0.0074	-0.0104	-0.0033	-0.0070	-0.0090	-0.0036	-0.0081	-0.0069	-0.0078	-0.0129	-0.0134	-0.0060	-0.0149	-0.0069	-0.0053	-0.0033	0.0010	-0.0085	-0.0033	-0.0103	-0.0104	-0.0039	-0.0065	-0.0127	-0.0009	-0.0124	-0.0159	-0.0090	-0.0052	-0.0091	-0.0073	-0.0047	-0.0084	-0.0047	-0.0126	-0.0141	-0.0082	-0.0093	-0.0111	-0.0040	-0.0119	-0.0060	-0.0106	-0.0086	-0.0024	-0.0119	-0.0045	-0.0096	-0.0073	-0.0083	-0.0006	-0.0091	-0.0016	-0.0006	-0.0058	-0.0065	-0.0078	-0.0057	-0.0081	-0.0110	-0.0050	-0.0143	-0.0101	-0.0118	-0.0065	-0.0060	-0.0142	-0.0067	-0.0055	-0.0122	-0.0097	-0.0072	-0.0008	-0.0065	-0.0036	-0.0067	-0.0048	-0.0120	-0.0031	-0.0048	-0.0048	-0.0067	-0.0120	-0.0101	-0.0023	-0.0072	-0.0083	-0.0053	-0.0115	-0.0056	-0.0091	-0.0080	-0.0107	-0.0006	-0.0059	-0.0101	-0.0058	-0.0083	-0.0113	-0.0153	-0.0076	-0.0040	-0.0060	-0.0108	-0.0063	-0.0075	-0.0143	-0.0040	-0.0071	-0.0045	-0.0066	-0.0078	0.0014	-0.0089	-0.0023	-0.0056	-0.0067	-0.0092	-0.0063	-0.0115	-0.0114	-0.0065	-0.0102	-0.0115	-0.0113	-0.0058	-0.0062	-0.0016
Candidatus Azambacteria	-0.0039	0.0030	-0.0058	-0.0113	-0.0006	-0.0028	-0.0086	-0.0081	-0.0056	-0.0094	-0.0124	-0.0031	-0.0041	-0.0065	1.0000	-0.0026	-0.0070	-0.0131	-0.0142	-0.0161	-0.0101	-0.0073	-0.0072	-0.0112	-0.0059	-0.0143	-0.0092	-0.0158	-0.0105	-0.0077	-0.0055	-0.0078	-0.0131	-0.0119	-0.0118	-0.0068	-0.0104	-0.0090	-0.0063	-0.0069	-0.0164	-0.0038	-0.0072	-0.0022	-0.0081	-0.0012	-0.0087	-0.0039	-0.0115	-0.0039	-0.0085	-0.0173	0.0015	-0.0022	-0.0033	-0.0049	-0.0103	-0.0087	-0.0089	-0.0051	-0.0086	-0.0055	-0.0083	-0.0035	-0.0108	-0.0103	0.0001	-0.0080	0.0011	0.0020	-0.0072	-0.0073	-0.0051	-0.0069	-0.0104	-0.0020	-0.0046	-0.0043	-0.0058	-0.0073	0.0007	-0.0053	-0.0110	-0.0083	-0.0068	-0.0033	-0.0072	-0.0055	-0.0029	-0.0086	-0.0084	-0.0055	-0.0086	-0.0106	-0.0104	-0.0074	-0.0144	-0.0070	-0.0069	-0.0106	-0.0056	-0.0107	-0.0065	0.0008	-0.0057	-0.0110	-0.0057	-0.0120	-0.0096	-0.0056	-0.0116	-0.0102	-0.0092	-0.0120	-0.0071	-0.0134	-0.0066	-0.0114	-0.0067	-0.0040	-0.0115	-0.0129	-0.0104	-0.0113	-0.0061	-0.0090	-0.0116	-0.0058	-0.0015	-0.0136	-0.0083	-0.0051	-0.0050	-0.0045	-0.0095	-0.0063	-0.0025	-0.0105	-0.0103	-0.0013	-0.0094	0.0007	-0.0023	0.0016	-0.0112	-0.0116	-0.0037	-0.0125	-0.0110	-0.0069	-0.0144	-0.0059
Candidatus Falkowbacteria	-0.0095	-0.0043	-0.0039	-0.0117	-0.0055	-0.0126	-0.0071	-0.0063	-0.0068	-0.0088	-0.0039	-0.0120	-0.0040	-0.0099	-0.0026	1.0000	-0.0034	-0.0029	-0.0001	-0.0105	-0.0125	-0.0143	-0.0099	-0.0024	-0.0078	-0.0044	-0.0070	-0.0086	-0.0060	-0.0055	-0.0070	-0.0056	-0.0051	-0.0042	-0.0099	-0.0070	-0.0081	-0.0048	-0.0092	-0.0093	-0.0104	-0.0040	-0.0113	-0.0125	-0.0063	-0.0075	-0.0084	-0.0097	-0.0149	-0.0065	-0.0085	-0.0109	-0.0116	-0.0073	-0.0076	-0.0071	-0.0082	-0.0038	-0.0114	-0.0023	-0.0089	-0.0025	-0.0117	-0.0087	-0.0073	-0.0116	-0.0057	-0.0078	-0.0104	-0.0097	-0.0065	-0.0088	-0.0063	-0.0096	-0.0055	-0.0071	-0.0063	-0.0084	-0.0079	-0.0050	-0.0061	-0.0094	-0.0101	-0.0092	-0.0072	-0.0046	-0.0150	-0.0120	-0.0078	-0.0033	-0.0090	-0.0115	-0.0034	-0.0091	-0.0044	-0.0058	-0.0089	-0.0039	-0.0031	-0.0100	-0.0039	-0.0130	-0.0111	-0.0111	-0.0096	-0.0094	-0.0030	-0.0068	-0.0044	-0.0032	-0.0072	-0.0067	-0.0087	-0.0073	-0.0046	-0.0058	-0.0015	-0.0071	-0.0037	-0.0046	-0.0018	-0.0109	-0.0096	-0.0083	-0.0081	-0.0041	-0.0105	-0.0041	-0.0094	-0.0074	-0.0077	-0.0016	-0.0083	-0.0047	-0.0115	-0.0072	-0.0082	-0.0018	-0.0152	-0.0019	-0.0099	-0.0042	-0.0062	-0.0084	-0.0079	-0.0001	-0.0051	-0.0048	-0.0102	-0.0104	-0.0081	-0.0051
Candidatus Magasanikbacteria	-0.0028	0.0006	-0.0098	-0.0109	-0.0062	-0.0119	-0.0061	-0.0071	-0.0035	-0.0097	0.0037	-0.0061	-0.0024	-0.0120	-0.0070	-0.0034	1.0000	-0.0074	-0.0028	-0.0055	-0.0135	-0.0114	-0.0066	-0.0143	-0.0023	-0.0066	-0.0046	-0.0121	-0.0109	-0.0134	-0.0105	-0.0073	-0.0110	-0.0039	-0.0095	-0.0090	-0.0104	-0.0077	-0.0081	-0.0050	-0.0065	-0.0073	-0.0080	-0.0120	-0.0090	-0.0141	-0.0096	-0.0071	-0.0081	-0.0059	-0.0067	-0.0130	-0.0088	-0.0051	-0.0021	-0.0073	-0.0067	-0.0073	-0.0025	-0.0028	-0.0022	-0.0034	-0.0098	-0.0092	-0.0039	-0.0080	-0.0033	-0.0122	-0.0102	-0.0111	-0.0070	-0.0074	-0.0039	-0.0061	-0.0071	-0.0110	-0.0062	-0.0099	-0.0072	-0.0071	-0.0080	-0.0018	-0.0015	-0.0054	-0.0073	-0.0114	-0.0138	-0.0076	-0.0106	-0.0084	-0.0078	-0.0072	-0.0005	-0.0097	-0.0095	-0.0067	-0.0077	-0.0076	-0.0079	-0.0039	-0.0069	-0.0074	0.0007	0.0024	-0.0090	-0.0107	-0.0047	-0.0082	-0.0109	-0.0061	-0.0064	-0.0086	-0.0070	-0.0120	-0.0056	-0.0103	-0.0021	-0.0028	-0.0101	-0.0042	-0.0085	-0.0086	-0.0065	-0.0127	-0.0145	-0.0087	-0.0073	-0.0111	-0.0105	-0.0046	-0.0032	-0.0029	-0.0143	-0.0090	-0.0079	-0.0027	-0.0104	-0.0055	-0.0064	-0.0093	-0.0125	-0.0044	-0.0054	-0.0099	-0.0103	-0.0060	-0.0076	-0.0005	-0.0150	-0.0038	-0.0129	-0.0087
Candidatus Nealsonbacteria	-0.0105	-0.0045	-0.0076	-0.0029	-0.0079	-0.0095	-0.0110	-0.0038	-0.0000	-0.0106	-0.0065	-0.0040	-0.0120	-0.0179	-0.0131	-0.0029	-0.0074	1.0000	-0.0042	-0.0020	-0.0131	-0.0094	0.0012	-0.0116	-0.0109	-0.0037	-0.0092	-0.0021	-0.0070	-0.0001	-0.0071	-0.0092	-0.0078	-0.0052	-0.0168	-0.0129	-0.0054	-0.0029	-0.0078	-0.0124	-0.0077	0.0030	-0.0085	-0.0082	-0.0130	-0.0085	0.0013	0.0021	-0.0023	-0.0050	-0.0015	-0.0106	-0.0080	-0.0064	-0.0112	-0.0047	-0.0004	-0.0085	-0.0054	-0.0096	-0.0058	-0.0022	-0.0062	-0.0050	-0.0089	-0.0096	-0.0074	-0.0086	-0.0128	-0.0040	-0.0088	-0.0048	-0.0054	-0.0090	-0.0041	-0.0103	-0.0112	-0.0110	-0.0073	-0.0062	-0.0071	-0.0121	-0.0093	-0.0089	-0.0043	-0.0160	-0.0094	-0.0051	-0.0111	-0.0063	-0.0085	-0.0103	-0.0055	-0.0114	-0.0083	-0.0109	-0.0037	-0.0098	-0.0065	-0.0056	-0.0087	-0.0119	-0.0074	-0.0065	-0.0092	-0.0139	-0.0079	-0.0094	-0.0163	-0.0046	-0.0094	-0.0056	-0.0078	-0.0151	-0.0088	-0.0109	-0.0046	-0.0122	-0.0046	-0.0075	-0.0113	-0.0101	-0.0062	-0.0093	-0.0064	-0.0116	-0.0128	-0.0091	-0.0075	-0.0066	-0.0074	-0.0038	-0.0112	-0.0001	-0.0067	-0.0028	-0.0085	-0.0097	-0.0035	-0.0120	-0.0037	-0.0053	-0.0112	-0.0088	-0.0113	0.0021	-0.0108	-0.0107	-0.0058	-0.0036	-0.0160	-0.0085
Candidatus Uhrbacteria	-0.0055	-0.0053	-0.0042	-0.0042	-0.0033	-0.0061	-0.0078	-0.0098	-0.0029	-0.0047	-0.0055	-0.0094	-0.0097	-0.0049	-0.0142	-0.0001	-0.0028	-0.0042	1.0000	-0.0046	-0.0104	-0.0062	-0.0158	-0.0031	-0.0091	0.0006	-0.0036	-0.0097	-0.0062	-0.0110	-0.0049	-0.0131	-0.0045	-0.0088	-0.0037	-0.0034	-0.0081	-0.0067	-0.0127	-0.0060	-0.0051	-0.0036	-0.0130	-0.0147	-0.0083	-0.0051	-0.0022	-0.0120	-0.0081	-0.0085	-0.0001	-0.0078	-0.0100	-0.0099	-0.0091	-0.0058	-0.0126	-0.0009	-0.0073	-0.0032	-0.0102	-0.0058	-0.0044	-0.0130	-0.0104	-0.0118	-0.0087	-0.0091	-0.0151	-0.0062	-0.0051	-0.0120	-0.0114	-0.0041	-0.0093	-0.0059	-0.0056	-0.0075	-0.0098	-0.0071	-0.0066	-0.0138	-0.0059	-0.0023	-0.0095	-0.0118	-0.0046	-0.0109	-0.0055	-0.0010	-0.0011	-0.0070	-0.0080	-0.0073	-0.0114	-0.0074	-0.0068	-0.0098	-0.0017	-0.0076	-0.0105	-0.0057	-0.0057	-0.0089	-0.0096	-0.0027	-0.0060	-0.0055	-0.0146	-0.0085	-0.0097	-0.0077	-0.0070	-0.0076	-0.0058	-0.0075	-0.0121	-0.0031	-0.0099	-0.0071	-0.0094	-0.0035	-0.0081	-0.0088	-0.0015	-0.0080	-0.0022	-0.0063	-0.0119	-0.0104	-0.0037	-0.0123	-0.0161	-0.0094	-0.0078	-0.0063	-0.0029	-0.0066	-0.0079	-0.0094	-0.0089	-0.0087	-0.0124	-0.0023	-0.0032	-0.0157	-0.0102	-0.0070	-0.0021	-0.0065	-0.0072	-0.0079
Candidatus Giovannonibacteria	-0.0033	-0.0112	-0.0132	-0.0060	-0.0124	-0.0088	-0.0052	-0.0082	-0.0093	-0.0071	-0.0049	-0.0045	-0.0094	-0.0017	-0.0161	-0.0105	-0.0055	-0.0020	-0.0046	1.0000	-0.0062	-0.0084	-0.0051	-0.0111	-0.0105	-0.0097	-0.0081	-0.0048	-0.0047	-0.0085	-0.0042	0.0014	-0.0082	-0.0041	-0.0000	-0.0113	-0.0044	-0.0100	-0.0042	-0.0153	-0.0124	-0.0049	-0.0110	-0.0093	-0.0095	-0.0084	-0.0153	-0.0061	-0.0123	-0.0158	-0.0098	-0.0076	-0.0075	-0.0061	-0.0025	-0.0110	-0.0093	-0.0053	0.0034	-0.0071	-0.0122	-0.0077	-0.0125	-0.0127	-0.0110	-0.0104	-0.0086	-0.0047	-0.0085	-0.0083	-0.0111	-0.0053	-0.0125	-0.0078	-0.0089	-0.0081	-0.0123	-0.0026	-0.0064	-0.0065	-0.0072	-0.0107	-0.0051	-0.0000	-0.0130	-0.0115	-0.0079	-0.0096	-0.0093	-0.0145	-0.0118	-0.0051	-0.0111	-0.0057	-0.0107	-0.0052	-0.0083	-0.0077	-0.0043	-0.0037	-0.0026	-0.0025	-0.0030	-0.0022	-0.0049	-0.0013	-0.0058	-0.0075	-0.0126	-0.0084	-0.0065	-0.0077	-0.0058	-0.0080	-0.0061	-0.0076	-0.0008	-0.0071	-0.0033	-0.0087	-0.0063	-0.0073	-0.0108	-0.0075	-0.0056	-0.0122	-0.0102	-0.0049	-0.0115	-0.0050	-0.0032	-0.0128	-0.0100	-0.0073	-0.0098	-0.0010	-0.0016	-0.0058	-0.0080	-0.0165	-0.0048	-0.0107	-0.0073	-0.0125	-0.0049	-0.0011	-0.0149	-0.0009	-0.0068	-0.0091	-0.0085	-0.0083
Candidatus Moranbacteria	-0.0087	-0.0056	-0.0095	-0.0090	-0.0087	-0.0062	-0.0054	-0.0041	-0.0065	-0.0099	-0.0035	-0.0095	-0.0078	-0.0075	-0.0101	-0.0125	-0.0135	-0.0131	-0.0104	-0.0062	1.0000	-0.0080	-0.0058	-0.0071	-0.0080	-0.0140	-0.0113	-0.0058	-0.0062	-0.0031	-0.0002	-0.0100	0.0007	-0.0092	-0.0090	-0.0057	-0.0081	-0.0075	-0.0031	-0.0111	-0.0059	-0.0106	-0.0097	-0.0004	-0.0094	-0.0037	-0.0064	-0.0081	-0.0113	-0.0048	-0.0107	-0.0089	-0.0027	-0.0060	0.0023	-0.0133	-0.0060	-0.0081	-0.0128	-0.0088	-0.0134	-0.0103	-0.0072	-0.0064	-0.0052	-0.0069	-0.0126	-0.0154	-0.0075	-0.0081	-0.0065	-0.0080	-0.0077	-0.0135	-0.0121	-0.0088	-0.0021	-0.0147	-0.0086	-0.0081	-0.0115	-0.0085	-0.0047	-0.0064	-0.0069	-0.0085	-0.0104	-0.0031	-0.0119	-0.0093	-0.0110	-0.0068	-0.0013	-0.0049	-0.0049	-0.0037	-0.0036	-0.0046	-0.0083	-0.0078	-0.0096	-0.0098	-0.0121	-0.0064	-0.0051	-0.0057	-0.0133	-0.0052	-0.0082	-0.0063	-0.0064	-0.0103	-0.0163	-0.0071	-0.0109	-0.0068	-0.0029	-0.0049	-0.0124	-0.0056	-0.0049	-0.0039	-0.0068	-0.0026	-0.0101	-0.0051	-0.0044	-0.0057	-0.0044	-0.0021	-0.0071	-0.0042	-0.0067	-0.0053	-0.0112	-0.0134	-0.0018	-0.0020	-0.0091	-0.0042	-0.0058	-0.0051	-0.0090	-0.0065	-0.0113	-0.0090	-0.0049	-0.0057	-0.0008	-0.0127	-0.0062	-0.0046
Candidatus Zambryskibacteria	-0.0022	-0.0117	-0.0129	-0.0162	-0.0076	-0.0121	-0.0115	-0.0111	-0.0057	-0.0049	-0.0078	-0.0101	-0.0134	-0.0015	-0.0073	-0.0143	-0.0114	-0.0094	-0.0062	-0.0084	-0.0080	1.0000	-0.0077	-0.0054	-0.0060	-0.0116	-0.0128	-0.0073	-0.0109	-0.0055	-0.0040	-0.0051	-0.0089	-0.0082	-0.0087	-0.0094	-0.0017	-0.0086	-0.0043	-0.0032	-0.0085	-0.0077	-0.0004	0.0029	-0.0069	-0.0058	-0.0120	-0.0026	-0.0097	-0.0057	-0.0019	-0.0071	-0.0088	-0.0110	-0.0058	-0.0047	-0.0065	-0.0129	-0.0051	-0.0056	-0.0076	-0.0022	-0.0099	-0.0033	-0.0129	-0.0047	-0.0011	-0.0004	-0.0135	-0.0067	-0.0019	-0.0109	-0.0094	-0.0081	-0.0088	-0.0018	-0.0087	-0.0079	-0.0121	-0.0097	-0.0063	-0.0099	-0.0087	-0.0116	-0.0049	-0.0032	0.0014	-0.0076	-0.0104	-0.0062	-0.0120	-0.0130	-0.0064	-0.0073	-0.0126	-0.0051	-0.0066	-0.0081	-0.0073	-0.0094	-0.0037	-0.0074	-0.0055	-0.0071	-0.0035	-0.0087	-0.0044	-0.0133	-0.0093	-0.0084	-0.0072	-0.0093	-0.0052	-0.0046	-0.0092	-0.0121	-0.0100	0.0002	-0.0130	-0.0062	-0.0093	-0.0113	-0.0075	-0.0084	-0.0141	-0.0056	-0.0074	-0.0067	-0.0044	-0.0101	-0.0010	-0.0076	-0.0073	-0.0065	-0.0041	-0.0057	-0.0038	-0.0101	-0.0100	-0.0152	-0.0088	-0.0096	-0.0069	-0.0060	-0.0089	-0.0034	-0.0055	-0.0082	-0.0082	-0.0037	-0.0112	-0.0113
Candidatus Staskawiczbacteria	-0.0096	-0.0087	-0.0093	-0.0089	-0.0075	-0.0042	-0.0036	-0.0105	-0.0087	-0.0038	-0.0063	-0.0085	-0.0025	-0.0038	-0.0072	-0.0099	-0.0066	0.0012	-0.0158	-0.0051	-0.0058	-0.0077	1.0000	-0.0036	-0.0080	-0.0031	-0.0113	-0.0039	-0.0072	-0.0090	0.0015	-0.0052	-0.0049	-0.0055	-0.0091	-0.0127	-0.0074	-0.0106	-0.0145	-0.0098	-0.0063	-0.0100	-0.0003	-0.0103	-0.0101	-0.0062	-0.0087	-0.0036	-0.0034	-0.0070	-0.0115	-0.0070	-0.0086	-0.0065	-0.0045	-0.0083	-0.0076	-0.0030	-0.0066	-0.0086	-0.0112	-0.0048	-0.0120	-0.0121	-0.0113	-0.0126	-0.0053	-0.0066	-0.0014	-0.0037	-0.0002	-0.0140	-0.0082	-0.0032	-0.0058	-0.0070	-0.0048	-0.0057	-0.0007	-0.0088	-0.0063	-0.0069	-0.0090	-0.0116	-0.0082	-0.0133	-0.0074	-0.0024	-0.0107	-0.0033	-0.0042	-0.0103	-0.0031	-0.0045	-0.0106	-0.0055	-0.0042	-0.0045	-0.0102	-0.0115	-0.0107	-0.0112	-0.0068	-0.0061	-0.0085	-0.0099	-0.0080	-0.0067	-0.0088	-0.0153	-0.0104	-0.0080	-0.0079	-0.0085	-0.0053	-0.0129	-0.0108	0.0004	-0.0049	-0.0106	-0.0075	-0.0103	-0.0029	-0.0051	-0.0033	-0.0056	-0.0110	-0.0095	-0.0118	-0.0085	-0.0059	-0.0026	-0.0085	-0.0086	-0.0099	-0.0067	-0.0075	-0.0058	-0.0078	-0.0079	-0.0067	-0.0038	-0.0059	-0.0088	-0.0030	-0.0141	-0.0124	-0.0060	-0.0099	-0.0094	-0.0113	-0.0079
Candidatus Wolfebacteria	-0.0055	-0.0085	-0.0046	-0.0080	-0.0107	-0.0021	-0.0079	-0.0080	-0.0108	-0.0143	-0.0092	-0.0015	-0.0065	-0.0101	-0.0112	-0.0024	-0.0143	-0.0116	-0.0031	-0.0111	-0.0071	-0.0054	-0.0036	1.0000	-0.0082	-0.0087	-0.0031	-0.0055	-0.0115	-0.0077	-0.0122	-0.0104	-0.0062	-0.0030	-0.0093	-0.0057	-0.0088	-0.0056	-0.0100	-0.0042	-0.0035	-0.0084	-0.0052	-0.0039	-0.0047	-0.0155	-0.0082	-0.0029	-0.0115	-0.0097	-0.0093	-0.0059	-0.0071	-0.0053	-0.0030	-0.0079	-0.0076	-0.0126	-0.0118	-0.0137	-0.0101	-0.0092	-0.0067	-0.0145	-0.0112	-0.0048	-0.0021	-0.0084	-0.0026	-0.0041	-0.0094	-0.0104	-0.0096	-0.0077	-0.0079	-0.0120	-0.0092	-0.0091	-0.0076	-0.0095	-0.0075	-0.0125	-0.0014	-0.0074	-0.0046	-0.0111	-0.0015	-0.0080	-0.0051	-0.0002	-0.0125	-0.0093	-0.0094	-0.0036	-0.0138	-0.0104	-0.0109	-0.0182	-0.0020	-0.0099	-0.0130	-0.0085	-0.0122	-0.0071	-0.0121	-0.0065	-0.0019	-0.0109	-0.0093	-0.0086	-0.0058	-0.0058	-0.0012	-0.0034	-0.0097	-0.0068	-0.0077	-0.0101	-0.0041	-0.0141	-0.0038	-0.0079	-0.0015	-0.0075	-0.0075	-0.0027	-0.0061	-0.0046	-0.0087	-0.0085	-0.0107	-0.0155	-0.0058	-0.0054	-0.0082	-0.0078	-0.0071	-0.0076	-0.0063	-0.0137	-0.0107	-0.0095	-0.0062	-0.0078	-0.0086	-0.0083	-0.0045	-0.0055	-0.0115	-0.0076	-0.0002	-0.0091
Candidatus Harrisonbacteria	-0.0039	-0.0050	-0.0117	-0.0040	-0.0123	-0.0090	-0.0067	-0.0098	-0.0054	-0.0072	-0.0095	-0.0013	-0.0030	-0.0074	-0.0059	-0.0078	-0.0023	-0.0109	-0.0091	-0.0105	-0.0080	-0.0060	-0.0080	-0.0082	1.0000	-0.0037	-0.0062	-0.0109	-0.0036	-0.0038	-0.0098	-0.0112	-0.0097	-0.0122	-0.0090	-0.0130	-0.0045	-0.0061	-0.0118	-0.0155	-0.0107	-0.0067	-0.0081	-0.0082	-0.0064	-0.0076	-0.0091	-0.0039	-0.0033	-0.0035	-0.0018	-0.0124	-0.0107	-0.0113	-0.0050	-0.0075	-0.0093	-0.0056	-0.0039	-0.0070	-0.0076	-0.0012	-0.0110	-0.0094	-0.0054	-0.0141	-0.0072	-0.0056	-0.0044	-0.0140	-0.0033	-0.0021	-0.0067	-0.0077	-0.0017	0.0004	-0.0055	-0.0063	-0.0040	-0.0032	-0.0052	-0.0087	-0.0114	-0.0090	-0.0107	-0.0083	-0.0084	-0.0028	-0.0052	-0.0089	-0.0100	-0.0118	-0.0043	-0.0040	-0.0026	-0.0130	-0.0055	-0.0038	-0.0011	-0.0069	-0.0116	-0.0071	-0.0113	-0.0110	-0.0060	-0.0119	-0.0045	-0.0043	-0.0067	-0.0080	-0.0062	-0.0009	-0.0114	-0.0096	-0.0111	-0.0023	-0.0073	-0.0077	-0.0058	-0.0100	-0.0053	-0.0075	-0.0115	-0.0065	-0.0054	-0.0071	-0.0075	-0.0079	-0.0104	-0.0031	-0.0076	-0.0056	-0.0110	-0.0081	-0.0071	-0.0105	-0.0052	-0.0073	-0.0097	-0.0034	-0.0060	-0.0086	-0.0092	-0.0108	-0.0060	-0.0051	-0.0097	-0.0101	-0.0114	-0.0066	-0.0115	-0.0013
Candidatus Taylorbacteria	-0.0064	0.0008	-0.0065	-0.0103	-0.0075	-0.0053	-0.0098	-0.0050	-0.0072	-0.0083	-0.0136	-0.0069	-0.0028	-0.0104	-0.0143	-0.0044	-0.0066	-0.0037	0.0006	-0.0097	-0.0140	-0.0116	-0.0031	-0.0087	-0.0037	1.0000	-0.0051	-0.0084	-0.0048	-0.0071	-0.0078	-0.0136	-0.0096	-0.0051	-0.0060	-0.0056	-0.0012	-0.0074	-0.0120	-0.0111	-0.0120	-0.0042	-0.0059	-0.0054	-0.0076	-0.0105	-0.0032	-0.0044	-0.0059	-0.0043	-0.0069	-0.0139	-0.0016	-0.0056	-0.0074	-0.0040	-0.0106	-0.0134	-0.0046	-0.0061	-0.0075	-0.0075	-0.0056	-0.0100	-0.0030	-0.0066	-0.0081	-0.0010	-0.0019	-0.0115	-0.0141	-0.0036	-0.0046	-0.0070	-0.0146	-0.0109	-0.0044	-0.0048	-0.0073	-0.0070	-0.0067	-0.0073	-0.0090	-0.0126	-0.0053	-0.0088	-0.0050	-0.0084	-0.0125	-0.0048	-0.0055	-0.0161	-0.0113	-0.0121	-0.0046	-0.0122	-0.0030	-0.0070	-0.0074	-0.0120	-0.0026	-0.0018	-0.0054	-0.0096	-0.0083	-0.0111	-0.0115	-0.0100	-0.0055	-0.0125	-0.0080	-0.0123	-0.0115	-0.0043	-0.0123	-0.0103	-0.0052	-0.0122	-0.0115	-0.0136	-0.0108	-0.0128	-0.0058	-0.0161	-0.0062	-0.0076	-0.0140	-0.0084	-0.0027	-0.0081	-0.0130	-0.0073	-0.0057	-0.0102	-0.0051	-0.0008	-0.0064	-0.0090	-0.0089	-0.0047	-0.0122	-0.0095	-0.0060	0.0020	-0.0075	-0.0089	-0.0063	-0.0097	-0.0040	-0.0094	-0.0111	-0.0128
Candidatus Buchananbacteria	-0.0060	-0.0104	-0.0063	-0.0063	-0.0060	-0.0071	-0.0112	-0.0104	-0.0051	-0.0152	-0.0028	-0.0147	-0.0100	-0.0033	-0.0092	-0.0070	-0.0046	-0.0092	-0.0036	-0.0081	-0.0113	-0.0128	-0.0113	-0.0031	-0.0062	-0.0051	1.0000	-0.0088	-0.0007	-0.0105	-0.0109	-0.0038	-0.0075	-0.0034	-0.0082	-0.0095	-0.0047	-0.0009	-0.0116	-0.0066	-0.0057	-0.0065	-0.0056	-0.0125	-0.0086	-0.0065	-0.0096	-0.0020	-0.0016	-0.0044	-0.0077	-0.0059	-0.0137	-0.0050	-0.0075	-0.0055	-0.0044	-0.0052	-0.0094	-0.0106	-0.0087	-0.0086	-0.0090	-0.0077	-0.0085	-0.0038	-0.0096	-0.0091	-0.0110	-0.0065	-0.0133	-0.0122	-0.0049	-0.0065	-0.0074	-0.0127	-0.0116	-0.0065	-0.0065	-0.0031	-0.0094	-0.0055	-0.0073	-0.0081	-0.0034	-0.0087	-0.0169	0.0014	-0.0072	-0.0060	-0.0089	-0.0124	-0.0062	-0.0084	-0.0111	-0.0086	-0.0091	-0.0032	-0.0045	-0.0050	-0.0072	-0.0050	-0.0097	-0.0097	-0.0061	-0.0058	-0.0133	-0.0073	-0.0101	-0.0109	0.0018	-0.0109	-0.0062	-0.0084	-0.0054	-0.0124	-0.0117	-0.0044	-0.0034	-0.0084	-0.0094	-0.0019	-0.0126	-0.0043	-0.0013	-0.0078	-0.0043	-0.0114	-0.0137	-0.0086	-0.0141	-0.0078	-0.0084	-0.0083	-0.0043	-0.0057	-0.0079	-0.0094	-0.0073	-0.0079	-0.0092	-0.0081	-0.0103	-0.0063	-0.0105	-0.0090	-0.0098	-0.0083	-0.0089	-0.0104	-0.0159	-0.0087
Candidatus Portnoybacteria	-0.0036	-0.0046	-0.0094	-0.0079	-0.0065	-0.0103	-0.0069	-0.0073	-0.0067	-0.0038	-0.0097	-0.0099	-0.0082	-0.0070	-0.0158	-0.0086	-0.0121	-0.0021	-0.0097	-0.0048	-0.0058	-0.0073	-0.0039	-0.0055	-0.0109	-0.0084	-0.0088	1.0000	-0.0079	-0.0062	-0.0096	-0.0079	-0.0168	-0.0150	-0.0100	-0.0086	-0.0091	-0.0060	-0.0139	-0.0058	-0.0055	-0.0028	-0.0093	0.0012	-0.0076	-0.0020	-0.0049	-0.0156	-0.0069	-0.0085	-0.0085	-0.0076	-0.0092	-0.0094	-0.0088	-0.0073	-0.0047	-0.0069	-0.0106	-0.0096	-0.0049	-0.0062	-0.0070	-0.0115	-0.0100	-0.0040	-0.0079	-0.0067	-0.0112	-0.0030	-0.0086	-0.0078	-0.0077	-0.0046	-0.0090	-0.0016	-0.0116	-0.0038	-0.0045	-0.0078	-0.0020	-0.0110	-0.0100	-0.0051	-0.0101	-0.0111	-0.0081	-0.0077	-0.0089	-0.0111	-0.0068	-0.0060	-0.0043	-0.0045	-0.0088	-0.0073	-0.0021	-0.0082	-0.0067	-0.0105	-0.0054	-0.0085	-0.0076	-0.0050	-0.0124	-0.0065	-0.0018	-0.0053	-0.0063	-0.0066	-0.0096	-0.0091	-0.0044	-0.0133	-0.0143	-0.0046	-0.0024	-0.0039	-0.0114	-0.0058	-0.0094	-0.0110	-0.0093	-0.0078	-0.0054	-0.0081	-0.0083	-0.0105	-0.0045	-0.0095	-0.0005	-0.0044	-0.0117	-0.0028	0.0011	-0.0083	-0.0060	-0.0049	0.0011	-0.0006	-0.0044	-0.0109	-0.0103	-0.0083	-0.0069	-0.0115	-0.0086	-0.0044	-0.0053	-0.0102	-0.0046	-0.0064
Candidatus Adlerbacteria	-0.0061	-0.0069	-0.0027	-0.0100	-0.0021	-0.0036	-0.0126	-0.0116	-0.0050	-0.0066	-0.0110	0.0012	-0.0075	-0.0090	-0.0105	-0.0060	-0.0109	-0.0070	-0.0062	-0.0047	-0.0062	-0.0109	-0.0072	-0.0115	-0.0036	-0.0048	-0.0007	-0.0079	1.0000	-0.0098	-0.0053	-0.0084	-0.0054	-0.0080	-0.0097	-0.0090	-0.0044	-0.0079	-0.0117	-0.0104	-0.0134	-0.0122	-0.0030	-0.0101	-0.0059	-0.0151	-0.0047	-0.0121	-0.0084	-0.0089	-0.0069	-0.0111	-0.0080	-0.0070	-0.0122	-0.0061	-0.0093	-0.0049	-0.0077	-0.0084	-0.0017	-0.0060	-0.0093	-0.0056	-0.0083	-0.0037	-0.0075	-0.0087	-0.0025	-0.0016	-0.0089	-0.0105	-0.0118	-0.0068	-0.0024	-0.0061	-0.0031	-0.0091	-0.0068	-0.0034	-0.0099	-0.0090	-0.0040	-0.0119	-0.0144	-0.0057	-0.0055	-0.0100	-0.0074	-0.0054	-0.0086	-0.0164	-0.0065	-0.0122	-0.0121	-0.0045	-0.0005	-0.0128	-0.0061	-0.0044	-0.0113	-0.0143	-0.0081	-0.0035	-0.0065	-0.0055	-0.0027	-0.0063	-0.0080	-0.0097	-0.0073	-0.0125	-0.0059	-0.0077	-0.0060	-0.0112	-0.0079	-0.0067	-0.0036	-0.0168	-0.0111	-0.0115	-0.0063	-0.0111	-0.0109	-0.0077	-0.0094	-0.0034	-0.0068	-0.0119	-0.0162	-0.0020	-0.0068	-0.0032	-0.0050	-0.0048	-0.0017	-0.0105	-0.0057	-0.0055	-0.0013	-0.0099	-0.0131	-0.0105	-0.0115	-0.0034	-0.0133	-0.0120	-0.0083	-0.0056	-0.0057	-0.0049
