,Acidobacteriota,Actinomycetota,Aquificota,Armatimonadota,Atribacterota,Bacillota,Bacteroidota,Balneolota,Bdellovibrionota,Caldisericota,Calditrichota,Campylobacterota,Candidatus.Abawacabacteria,Candidatus.Absconditabacteria,Candidatus.Adlerbacteria,Candidatus.Aenigmarchaeota,Candidatus.Altiarchaeota,Candidatus.Amesbacteria,Candidatus.Aminicenantes,Candidatus.Andersenbacteria,Candidatus.Azambacteria,Candidatus.Bathyarchaeota,Candidatus.Beckwithbacteria,Candidatus.Berkelbacteria,Candidatus.Bipolaricaulota,Candidatus.Blackallbacteria,Candidatus.Blackburnbacteria,Candidatus.Brennerbacteria,Candidatus.Buchananbacteria,Candidatus.Calescamantes,Candidatus.Campbellbacteria,Candidatus.Chisholmbacteria,Candidatus.Cloacimonetes,Candidatus.Coatesbacteria,Candidatus.Collierbacteria,Candidatus.Colwellbacteria,Candidatus.Curtissbacteria,Candidatus.Dadabacteria,Candidatus.Daviesbacteria,Candidatus.Delongbacteria,Candidatus.Desantisbacteria,Candidatus.Diapherotrites,Candidatus.Doudnabacteria,Candidatus.Edwardsbacteria,Candidatus.Eisenbacteria,Candidatus.Falkowbacteria,Candidatus.Firestonebacteria,Candidatus.Fischerbacteria,Candidatus.Fraserbacteria,Candidatus.Giovannonibacteria,Candidatus.Glassbacteria,Candidatus.Gottesmanbacteria,Candidatus.Gracilibacteria,Candidatus.Gribaldobacteria,Candidatus.Handelsmanbacteria,Candidatus.Harrisonbacteria,Candidatus.Heimdallarchaeota,Candidatus.Huberarchaea,Candidatus.Hydrogenedentes,Candidatus.Jacksonbacteria,Candidatus.Jorgensenbacteria,Candidatus.Kaiserbacteria,Candidatus.Kerfeldbacteria,Candidatus.Komeilibacteria,Candidatus.Korarchaeota,Candidatus.Kuenenbacteria,Candidatus.Levybacteria,Candidatus.Lindowbacteria,Candidatus.Liptonbacteria,Candidatus.Lloydbacteria,Candidatus.Lokiarchaeota,Candidatus.Magasanikbacteria,Candidatus.Margulisbacteria,Candidatus.Marinimicrobia,Candidatus.Melainabacteria,Candidatus.Micrarchaeota,Candidatus.Microgenomates,Candidatus.Moranbacteria,Candidatus.Nanohaloarchaeota,Candidatus.Nealsonbacteria,Candidatus.Niyogibacteria,Candidatus.Nomurabacteria,Candidatus.Odinarchaeota,Candidatus.Omnitrophica,Candidatus.Pacebacteria,Candidatus.Parcubacteria,Candidatus.Peregrinibacteria,Candidatus.Portnoybacteria,Candidatus.Ratteibacteria,Candidatus.Raymondbacteria,Candidatus.Riflebacteria,Candidatus.Roizmanbacteria,Candidatus.Rokubacteria,Candidatus.Ryanbacteria,Candidatus.Saccharibacteria,Candidatus.Schekmanbacteria,Candidatus.Shapirobacteria,Candidatus.Spechtbacteria,Candidatus.Staskawiczbacteria,Candidatus.Sumerlaeota,Candidatus.Sungbacteria,Candidatus.Tagabacteria,Candidatus.Taylorbacteria,Candidatus.Tectomicrobia,Candidatus.Terrybacteria,Candidatus.Thermoplasmatota,Candidatus.Thorarchaeota,Candidatus.Uhrbacteria,Candidatus.Veblenbacteria,Candidatus.Vogelbacteria,Candidatus.Wallbacteria,Candidatus.Wildermuthbacteria,Candidatus.Wirthbacteria,Candidatus.Woesearchaeota,Candidatus.Woesebacteria,Candidatus.Wolfebacteria,Candidatus.Woykebacteria,Candidatus.Yanofskybacteria,Candidatus.Yonathbacteria,Candidatus.Zambryskibacteria,Chlamydiota,Chlorobiota,Chloroflexota,Chrysiogenota,Coprothermobacterota,Cyanobacteriota,Deferribacterota,Deinococcota,Dictyoglomota,Elusimicrobiota,Euryarchaeota,Fibrobacterota,Fusobacteriota,Gemmatimonadota,Ignavibacteriota,Kiritimatiellota,Lentisphaerota,Mycoplasmatota,Myxococcota,Nanoarchaeota,Nitrososphaerota,Nitrospinota,Nitrospirota,Planctomycetota,Pseudomonadota,Spirochaetota,Synergistota,Thermodesulfobacteriota,Thermomicrobiota,Thermoproteota,Thermotogota,Verrucomicrobiota,candidate.division.CPR1,candidate.division.CPR2,candidate.division.CPR3,candidate.division.NC10,candidate.division.WOR.3,candidate.division.WWE3,candidate.division.Zixibacteria
Acidobacteriota,1.0,-0.0076,-0.0351,-0.0133,-0.0034,-0.0102,-0.0179,-0.0212,-0.0014,-0.0045,-0.0181,-0.0127,-0.0176,-0.0093,-0.0212,-0.0112,0.0018,-0.0101,-0.0016,-0.0118,-0.0179,-0.016,-0.0292,-0.0127,-0.0174,-0.0147,-0.022,-0.0102,0.0016,-0.0219,-0.0089,-0.0184,-0.0076,-0.0116,-0.0295,-0.0124,-0.0224,-0.0025,-0.0288,-0.0155,-0.01,0.0006,-0.0087,-0.0206,-0.0199,-0.0082,-0.0005,0.0022,-0.0074,-0.0173,-0.0105,-0.0123,-0.0076,-0.0083,-0.0267,0.0024,-0.0158,-0.0075,-0.0018,-0.0005,-0.0116,-0.0125,-0.0092,-0.0091,-0.0126,0.0019,-0.0318,-0.0084,-0.0113,0.0158,-0.0192,-0.0001,-0.0266,-0.0132,-0.0194,-0.0186,-0.0213,-0.0051,-0.0082,-0.0233,-0.0266,-0.0048,-0.0105,0.0048,-0.0228,-0.0342,-0.0144,-0.0263,0.0046,-0.0067,-0.02,-0.0125,-0.0158,-0.0238,-0.0242,-0.0182,-0.0278,-0.0117,0.0067,-0.0005,-0.0297,-0.0282,-0.0159,-0.0117,-0.0105,-0.0006,0.0075,-0.0164,0.0119,-0.0042,-0.0208,0.0017,-0.0231,-0.0196,0.0106,-0.0248,-0.0341,-0.0196,-0.0133,-0.0079,-0.0061,0.0066,-0.0201,-0.0302,-0.0026,-0.0256,-0.0019,-0.0076,-0.0031,-0.001,-0.0245,-0.0102,-0.0015,-0.0119,-0.0007,-0.0051,-0.0077,-0.0155,-0.0081,-0.0228,-0.0148,-0.0172,-0.0231,0.0063,-0.0158,-0.0136,-0.0307,-0.0059,-0.0158,-0.0203,-0.0057,-0.0292,-0.0222,-0.0043,-0.0213,-0.0158,0.0028,-0.0077,-0.0282
Actinomycetota,-0.0076,1.0,-0.0006,-0.0283,0.0029,-0.0093,-0.0245,-0.0061,-0.0129,-0.0199,-0.0195,-0.0258,-0.0039,0.0001,-0.0186,-0.0128,-0.0355,-0.0299,-0.0044,-0.0127,-0.017,-0.012,-0.0248,-0.0301,-0.0044,-0.0196,-0.0148,-0.016,-0.0023,-0.0091,0.001,-0.0045,0.0018,-0.0089,-0.0156,-0.0277,-0.0105,-0.0099,-0.0068,-0.0044,-0.0031,-0.0005,-0.0241,-0.0094,-0.0031,-0.0039,-0.0111,-0.0186,0.0044,-0.0034,-0.0201,-0.012,-0.0152,-0.0135,0.0018,-0.0216,0.0093,-0.0104,-0.0232,-0.0217,-0.0045,-0.0272,-0.0196,-0.0025,-0.018,-0.0115,0.0129,-0.0039,-0.0195,-0.0199,-0.022,-0.0142,-0.0259,-0.0225,-0.0009,-0.0085,-0.0135,-0.0285,-0.016,-0.027,-0.0136,-0.0392,-0.0343,-0.034,-0.0057,-0.0252,-0.0061,-0.0229,-0.0122,-0.0348,-0.0271,-0.0113,-0.0058,-0.0107,-0.0019,-0.0075,-0.0185,-0.0335,-0.0067,-0.0022,-0.0218,-0.0164,0.0035,-0.0353,-0.0022,-0.0088,-0.0202,-0.0234,0.003,-0.0137,-0.0288,-0.0155,0.0071,-0.0125,-0.0193,-0.0136,-0.0019,-0.0232,-0.0384,-0.0073,-0.008,-0.0252,0.0077,-0.0148,-0.0104,-0.0197,-0.0101,-0.0033,-0.0171,-0.0235,-0.0127,0.0028,0.0064,0.0065,-0.0106,-0.0067,-0.0086,-0.0145,-0.0246,0.0018,0.0116,-0.0149,-0.0112,-0.0221,0.0098,-0.0007,-0.0242,-0.0107,-0.0067,-0.0027,-0.0095,-0.0172,-0.0096,-0.0012,-0.0017,-0.0024,-0.0017,-0.0174,-0.0129
Aquificota,-0.0351,-0.0006,1.0,-0.0164,-0.0079,-0.0125,-0.0106,-0.0012,0.0034,-0.0159,-0.0142,-0.0262,-0.0094,0.0089,-0.0098,-0.0007,-0.0029,-0.0147,-0.0002,-0.0129,-0.0075,-0.0029,-0.025,0.0013,-0.0077,-0.0066,-0.0138,-0.0027,-0.0162,-0.0008,-0.0082,-0.005,-0.0023,0.0009,-0.0069,-0.0033,-0.0004,-0.015,-0.0295,-0.0037,-0.0085,-0.0065,-0.0131,-0.0227,-0.0178,-0.0153,-0.0192,0.0012,-0.0261,0.0041,-0.0299,-0.0152,-0.0114,0.0089,-0.0097,-0.0113,-0.0194,-0.0257,-0.0106,-0.0194,-0.0221,-0.014,-0.0283,-0.0088,-0.0296,-0.0062,-0.0107,-0.0071,-0.0063,-0.0094,-0.0083,-0.0208,-0.0273,-0.0049,-0.0289,-0.0099,-0.0156,-0.0076,-0.025,-0.011,-0.0057,0.0033,-0.0085,-0.0403,-0.0077,-0.0145,-0.0194,-0.0168,-0.03,-0.0021,-0.0191,-0.0193,-0.0232,-0.0137,-0.0043,-0.0155,-0.0072,-0.0161,-0.0205,-0.0085,-0.018,-0.0234,-0.0162,-0.0256,-0.0253,-0.0023,-0.0095,-0.0261,-0.0122,-0.0036,0.0053,-0.0084,0.0002,0.009,-0.0087,-0.0013,-0.0316,-0.0107,-0.0103,-0.0173,-0.0066,0.0041,-0.0167,-0.0086,-0.0188,-0.0066,-0.0039,-0.0031,-0.0138,-0.0062,0.0008,-0.0103,-0.0177,-0.0288,-0.0283,-0.0133,0.003,-0.0188,-0.0207,-0.0242,-0.0147,-0.0112,-0.019,-0.0328,-0.0075,-0.0201,-0.0448,-0.017,-0.0033,-0.006,-0.0301,-0.0188,-0.0139,-0.0023,-0.0071,-0.0141,-0.0062,-0.0118,-0.0416
Armatimonadota,-0.0133,-0.0283,-0.0164,1.0,-0.0083,-0.0122,-0.0062,-0.0178,-0.0176,-0.005,-0.0198,-0.034,-0.0058,-0.0103,-0.012,-0.0223,-0.0062,-0.0079,-0.0269,-0.0135,-0.0077,-0.0055,-0.0019,-0.0249,-0.0107,-0.0091,-0.0068,-0.0067,-0.0118,-0.0011,-0.0167,0.0011,-0.0242,-0.0173,-0.0277,-0.0044,-0.0276,-0.0074,-0.0099,-0.0114,-0.0155,-0.0047,-0.0197,0.002,-0.016,-0.0025,-0.0133,-0.0087,-0.0152,-0.0229,-0.0125,-0.028,-0.0127,-0.0213,-0.005,-0.0163,-0.0108,0.0053,-0.022,-0.0346,-0.0021,-0.0133,0.0022,-0.0047,-0.0157,0.0036,0.0066,-0.0009,-0.0188,-0.0081,-0.0134,-0.0073,-0.0167,-0.0219,-0.0067,-0.027,-0.0181,0.0139,0.0103,-0.0175,-0.0174,-0.0144,-0.0172,-0.0194,-0.0086,-0.0081,0.0018,-0.0284,-0.0025,-0.0138,-0.0225,-0.0071,-0.0009,-0.0049,-0.0221,-0.011,-0.0372,-0.0077,-0.0037,-0.01,-0.0187,0.0026,-0.0222,-0.0068,-0.0262,-0.0176,-0.0185,-0.0081,0.0018,-0.0233,0.0007,-0.0008,-0.0187,-0.0021,-0.0138,-0.005,0.0067,-0.0184,-0.0112,-0.0103,-0.0104,-0.0061,-0.0109,0.0024,0.0005,-0.0093,-0.0195,-0.0039,-0.0037,-0.019,-0.0134,-0.0118,0.0187,-0.0224,-0.023,-0.022,-0.0232,-0.0118,0.0021,-0.0151,-0.0032,0.0015,0.0172,0.0026,-0.021,-0.0104,-0.0186,-0.0104,-0.0189,-0.0032,-0.0267,-0.027,-0.0177,-0.0204,-0.0109,-0.0182,-0.0046,-0.0015,-0.0166
Atribacterota,-0.0034,0.0029,-0.0079,-0.0083,1.0,-0.0123,0.0126,-0.0178,-0.02,-0.0278,-0.0182,-0.0355,-0.0153,-0.0256,0.0014,-0.0017,-0.0065,-0.0198,-0.0154,-0.0095,-0.0147,-0.014,0.0002,-0.0182,-0.0166,-0.0156,-0.0087,-0.0116,-0.0149,0.0009,-0.0043,0.0063,-0.0406,-0.0257,0.0016,-0.0263,-0.005,-0.0174,0.0042,-0.0019,-0.0146,-0.0125,-0.0231,-0.0006,-0.0324,-0.0099,-0.0252,-0.0089,-0.0072,0.0067,0.0047,-0.0273,-0.0111,-0.0235,-0.0075,-0.0023,-0.0156,-0.0145,-0.0118,-0.0277,-0.004,-0.0281,-0.0304,0.0073,-0.0207,-0.0084,-0.0095,0.0018,-0.0127,-0.0198,-0.0139,-0.0129,-0.0101,-0.0062,-0.015,-0.0065,-0.0093,-0.0026,-0.0116,-0.0282,-0.0159,-0.0082,-0.0255,-0.0147,-0.0147,-0.0066,-0.0323,-0.0271,-0.0143,-0.0239,0.0076,-0.0055,-0.0146,-0.0068,-0.0145,-0.0166,-0.0125,-0.0062,-0.012,-0.0059,-0.018,-0.0191,-0.0179,0.009,0.0083,-0.017,0.0056,0.005,0.0063,0.0108,-0.0139,-0.0142,-0.0124,-0.0065,-0.0193,-0.0059,-0.0231,-0.0151,-0.0188,-0.0031,-0.0053,-0.0206,-0.0314,-0.0146,-0.0147,-0.0146,-0.019,-0.0177,0.0173,-0.0071,-0.0103,-0.0195,-0.0105,-0.0205,-0.0078,-0.0093,-0.0109,-0.0123,-0.0042,-0.0238,0.0114,-0.0143,-0.0298,-0.006,-0.0156,-0.0121,-0.0155,-0.018,-0.0073,-0.0035,-0.0097,0.0039,-0.0189,-0.0118,-0.0126,-0.0121,-0.0085,-0.0195,-0.0055
Bacillota,-0.0102,-0.0093,-0.0125,-0.0122,-0.0123,1.0,-0.0065,-0.0005,0.0205,-0.005,-0.0328,-0.0143,-0.0085,-0.008,-0.0231,-0.036,-0.0052,-0.0149,0.0072,-0.0258,-0.0141,-0.0189,-0.0193,0.0029,-0.0222,-0.0248,-0.0098,-0.0062,-0.0173,-0.0073,-0.0176,-0.0369,-0.006,-0.027,-0.0244,-0.0187,-0.0057,-0.0182,-0.0076,-0.0078,-0.017,-0.02,-0.0153,-0.0111,-0.03,-0.0101,-0.0198,-0.0184,-0.0029,-0.0203,-0.0073,-0.0195,-0.0071,-0.0011,-0.003,-0.0037,-0.0138,-0.0036,-0.005,-0.0037,-0.0011,-0.0138,-0.0032,-0.0055,0.0141,-0.0211,-0.0164,-0.0221,-0.0173,-0.02,-0.0258,-0.0223,-0.013,-0.0081,-0.0058,-0.0351,-0.0153,0.0072,-0.0025,-0.0018,-0.015,-0.0168,0.0001,-0.0057,-0.0091,-0.0104,-0.0124,-0.0054,-0.0015,-0.0147,-0.0152,-0.0143,-0.012,-0.0094,-0.02,-0.0269,-0.0191,-0.0031,-0.0163,-0.0103,-0.0212,-0.0056,-0.0013,-0.024,-0.0161,-0.0004,-0.018,-0.0284,-0.0177,-0.0002,-0.0174,-0.0075,-0.0186,-0.019,-0.0093,-0.0344,-0.0009,-0.0204,-0.0053,0.0027,-0.0035,-0.0124,-0.0169,0.009,0.0008,0.0077,-0.0076,0.0072,-0.0173,-0.0193,-0.0276,-0.0247,-0.0326,-0.0065,-0.0139,-0.0079,-0.0056,-0.0293,0.0107,-0.0109,-0.0168,0.0007,-0.0009,-0.0135,-0.0169,-0.0103,-0.0109,-0.0057,-0.0015,-0.0268,-0.0098,-0.0348,-0.0144,-0.0037,-0.0281,-0.0131,-0.0072,-0.017,-0.0186
Bacteroidota,-0.0179,-0.0245,-0.0106,-0.0062,0.0126,-0.0065,1.0,-0.0188,-0.0057,-0.0071,-0.0056,-0.0268,-0.0161,0.0007,-0.0096,-0.0079,-0.0154,-0.0164,-0.0235,-0.0159,-0.0073,-0.0139,-0.0048,-0.0191,-0.0213,0.0032,0.005,-0.0074,-0.0238,-0.0132,-0.018,0.0032,-0.0174,0.0117,-0.0083,-0.012,-0.0094,-0.0301,0.0119,0.0057,0.0165,-0.008,-0.0229,-0.0349,0.0062,0.0035,-0.0162,-0.0297,-0.01,-0.0011,-0.0183,-0.0202,-0.0176,-0.0064,-0.0028,-0.0076,-0.017,-0.0139,-0.0241,-0.0051,-0.0163,-0.0181,-0.0131,-0.0123,-0.0144,-0.0275,-0.0063,-0.0282,-0.0055,0.0008,-0.0111,-0.0229,-0.0035,0.0025,-0.0083,-0.0195,-0.0085,-0.0215,-0.0087,-0.0283,-0.0035,-0.0145,-0.0282,-0.0237,-0.0141,-0.0103,-0.0102,-0.0037,-0.0052,-0.0157,-0.0075,-0.0116,-0.0142,-0.0144,-0.005,-0.001,0.0002,-0.0108,-0.0019,-0.002,-0.0169,0.0034,-0.0028,0.0013,-0.0163,-0.0061,-0.0126,-0.0211,0.008,0.0071,-0.0182,-0.0212,-0.0186,-0.0312,-0.0062,-0.0106,-0.0117,-0.0017,-0.0234,-0.0285,-0.0146,-0.0052,-0.0175,-0.0298,0.0,0.0022,-0.0056,-0.0086,-0.0051,-0.0232,-0.0066,-0.0066,-0.0289,-0.0182,-0.021,-0.0143,-0.02,-0.0127,-0.0116,-0.025,-0.0143,-0.0294,-0.0087,-0.0036,-0.0315,-0.0057,-0.0261,-0.0049,-0.0277,-0.0294,-0.0228,-0.0206,-0.0091,0.0065,0.0122,-0.003,-0.0007,-0.0253,-0.0218
Balneolota,-0.0212,-0.0061,-0.0012,-0.0178,-0.0178,-0.0005,-0.0188,1.0,-0.0199,-0.0132,-0.0196,-0.0106,-0.0116,-0.0206,0.0056,-0.0008,-0.0164,-0.0154,-0.0121,-0.0032,-0.0266,-0.0324,-0.0122,-0.0214,-0.0126,-0.0041,-0.0016,-0.0202,-0.0158,-0.0177,-0.0015,-0.0218,-0.0199,0.0031,-0.0176,0.0023,-0.0173,-0.0077,-0.0038,-0.0319,-0.0207,-0.0217,-0.0292,-0.0018,-0.0016,-0.0215,0.001,-0.0031,-0.0143,-0.0075,-0.0128,-0.0211,-0.0125,-0.0201,0.0024,-0.0245,-0.0167,-0.0175,-0.0335,-0.0054,-0.0095,-0.0249,-0.0083,-0.0018,-0.0132,-0.017,-0.0123,-0.0037,-0.012,-0.0108,0.0108,-0.0133,-0.0078,0.0182,-0.0431,-0.0124,-0.0125,-0.016,0.0061,-0.0085,-0.005,-0.0225,-0.0247,-0.0114,-0.015,0.0026,-0.0101,-0.0036,-0.0054,-0.0216,-0.0024,-0.0152,-0.017,-0.0039,-0.0078,-0.0063,-0.0155,-0.0018,-0.0075,-0.0108,-0.0072,-0.0044,-0.0127,-0.0085,-0.0011,-0.0033,-0.0213,-0.0123,-0.0049,-0.006,0.0007,-0.0116,-0.0105,-0.0213,-0.0107,0.0061,0.0099,-0.0209,-0.0319,-0.0089,-0.0201,0.0013,-0.0072,0.0036,0.0092,-0.0214,-0.0161,-0.0183,-0.0135,-0.0303,-0.0146,-0.0117,-0.0099,0.0051,-0.0207,0.0096,-0.0115,-0.0128,-0.0119,-0.0167,-0.0045,-0.0072,-0.0037,-0.02,-0.0172,-0.0245,-0.0074,-0.0269,-0.0167,-0.0179,-0.0239,-0.0321,-0.0161,-0.0081,-0.0088,-0.0294,-0.0077,-0.0105,0.0149
Bdellovibrionota,-0.0014,-0.0129,0.0034,-0.0176,-0.02,0.0205,-0.0057,-0.0199,1.0,-0.0207,-0.0276,-0.0168,-0.0397,-0.0175,0.0067,-0.0294,-0.0076,-0.0136,-0.0162,0.0008,-0.0153,-0.0251,-0.0058,-0.0203,0.0056,-0.0167,-0.0235,0.0041,-0.0293,-0.0114,-0.0188,-0.0013,-0.0117,-0.0067,-0.0118,0.0038,-0.0032,-0.0151,-0.019,0.014,-0.0278,-0.0144,-0.0033,-0.0292,-0.0072,-0.0131,-0.0003,-0.0181,-0.0051,-0.0088,-0.0149,-0.0301,-0.0122,-0.0282,-0.0146,-0.0124,-0.024,-0.0233,-0.0309,-0.0228,-0.0284,0.0027,-0.0114,-0.0142,-0.0339,-0.0042,-0.0092,0.0042,-0.0181,-0.0034,-0.0004,-0.0059,-0.0072,-0.0264,-0.0195,-0.0001,-0.022,-0.0085,-0.0012,0.0046,-0.0216,0.0006,-0.0066,0.0041,-0.0194,-0.0187,-0.0029,-0.0204,-0.0052,-0.027,-0.0127,-0.0019,-0.0118,-0.0196,-0.0167,-0.0153,0.0065,-0.0127,-0.0111,-0.0173,-0.0187,-0.0337,-0.007,-0.0103,0.0051,-0.0173,-0.0168,-0.0013,-0.0124,-0.0086,-0.0097,-0.0173,-0.0014,-0.0095,-0.0115,-0.0089,-0.0034,-0.0184,0.0022,-0.03,-0.0077,-0.0023,-0.0093,-0.0156,-0.01,-0.0069,-0.0167,-0.0053,-0.0113,-0.0146,0.01,-0.0115,0.0028,0.0162,-0.0134,-0.0161,-0.0159,0.0078,-0.0205,-0.0221,-0.022,0.0035,-0.0037,-0.0108,-0.0029,-0.0292,-0.0,-0.0156,0.0027,-0.0332,0.0018,0.0047,0.0004,-0.0234,-0.0111,-0.0043,-0.0242,-0.0297,-0.0182
Caldisericota,-0.0045,-0.0199,-0.0159,-0.005,-0.0278,-0.005,-0.0071,-0.0132,-0.0207,1.0,-0.0238,-0.0106,0.0011,-0.0073,-0.0168,-0.0204,-0.0211,-0.0142,-0.0179,0.0048,-0.0241,-0.001,0.0066,-0.009,-0.0254,-0.0151,-0.0299,-0.0093,-0.0175,-0.0007,-0.0077,0.0036,-0.0063,-0.0232,-0.0048,-0.0191,-0.0117,-0.0088,-0.0134,-0.0361,-0.0034,-0.0148,-0.0004,-0.0194,-0.0106,-0.0049,-0.0197,-0.0054,-0.0123,-0.0132,-0.0004,-0.0012,-0.0237,0.0069,-0.0149,-0.0193,-0.0005,-0.0186,-0.0163,0.0171,-0.0169,-0.0088,-0.0104,-0.0161,-0.0085,-0.004,-0.0098,-0.0142,-0.0062,-0.0354,0.0028,-0.0101,0.0067,-0.0082,-0.0092,-0.0064,-0.0027,-0.014,-0.0018,-0.0289,-0.0116,-0.0142,-0.0006,-0.0123,-0.0163,-0.0215,-0.0018,-0.0131,-0.0039,-0.0324,-0.0133,-0.0115,-0.0244,-0.0013,-0.0129,0.0078,-0.0217,-0.008,-0.008,-0.0127,-0.0144,-0.005,-0.0152,-0.0068,-0.0082,-0.0158,-0.0038,-0.0247,-0.0389,-0.0094,-0.0044,-0.0149,-0.0058,-0.003,-0.0141,-0.0367,-0.0144,0.0041,0.0011,-0.0144,-0.001,-0.0223,-0.0046,-0.0249,-0.0175,0.003,-0.0225,0.0042,-0.0054,-0.0136,-0.0042,-0.0091,-0.0204,-0.0061,-0.0061,-0.0212,-0.0169,0.0054,-0.0333,-0.0095,-0.0169,-0.0028,-0.007,-0.0221,-0.0131,-0.0043,-0.0105,-0.0073,-0.0132,-0.0307,-0.0099,0.015,-0.0134,-0.0053,-0.0021,-0.0201,-0.0166,-0.0103,-0.0169
Calditrichota,-0.0181,-0.0195,-0.0142,-0.0198,-0.0182,-0.0328,-0.0056,-0.0196,-0.0276,-0.0238,1.0,-0.0257,0.0061,-0.0101,-0.0163,-0.0154,-0.0159,-0.0098,-0.0269,-0.0091,-0.0329,-0.0124,0.0103,-0.0077,-0.0229,-0.0216,-0.0144,-0.0017,0.0035,-0.0039,-0.0189,0.0026,-0.0074,-0.0187,-0.0239,-0.0118,-0.0088,-0.0006,-0.0157,-0.004,-0.014,-0.02,-0.0243,-0.0046,0.0213,-0.0034,-0.0242,-0.0248,-0.0082,-0.0232,-0.0015,-0.0281,0.0022,-0.0095,-0.014,0.0032,-0.0237,-0.0031,-0.0291,-0.0026,-0.0218,-0.0029,-0.0084,-0.0124,-0.0318,-0.0221,-0.0268,-0.0081,0.0004,-0.018,-0.0378,-0.025,-0.0139,-0.0059,-0.0073,-0.0254,-0.0082,-0.0111,-0.0368,-0.0096,0.0053,-0.0187,-0.0212,-0.0025,-0.0205,0.0064,-0.0232,-0.0139,-0.0156,-0.0136,-0.0241,0.0001,-0.0039,-0.0108,-0.0263,-0.0133,-0.0196,-0.0069,-0.0159,-0.009,-0.0103,-0.003,-0.024,-0.0084,-0.024,-0.0039,-0.0176,-0.0072,-0.0238,-0.0208,-0.0172,-0.003,-0.0138,0.0139,-0.0152,-0.0042,-0.0164,-0.0016,-0.0165,-0.0257,0.0047,-0.0236,-0.0309,-0.0007,-0.0051,-0.0161,-0.0032,-0.0047,-0.0298,-0.006,-0.0154,-0.0004,-0.0098,0.0007,-0.0153,-0.014,0.0128,0.0036,-0.0198,-0.0061,0.0045,-0.0146,-0.0221,-0.0028,-0.0121,-0.0007,-0.0111,-0.014,-0.0089,-0.024,-0.0096,-0.0101,-0.0343,-0.0098,-0.0132,-0.0136,0.0007,-0.0149,-0.0275
Campylobacterota,-0.0127,-0.0258,-0.0262,-0.034,-0.0355,-0.0143,-0.0268,-0.0106,-0.0168,-0.0106,-0.0257,1.0,0.0073,-0.0246,-0.0167,-0.0059,0.0011,-0.0126,0.0109,-0.0141,-0.0193,-0.0026,-0.0107,-0.0083,-0.0156,-0.0253,-0.0006,-0.0203,-0.0028,-0.0275,-0.0041,-0.0057,-0.0162,-0.0147,-0.0204,-0.0051,-0.0083,-0.0152,-0.0298,-0.0268,-0.0137,-0.0079,-0.0219,-0.0221,-0.007,-0.0176,-0.0089,-0.0059,-0.0012,-0.0161,-0.0155,-0.0113,-0.0172,-0.0215,-0.0141,-0.0278,-0.0142,-0.0098,-0.0033,-0.0058,-0.0285,-0.0228,-0.0295,-0.0173,0.0009,0.0022,0.0062,-0.0238,-0.0118,0.0105,-0.0036,-0.0178,-0.0174,0.0034,-0.0146,-0.0106,-0.0079,-0.0241,-0.0117,0.0019,-0.0051,-0.0036,-0.0163,-0.0037,-0.0133,-0.0098,-0.0021,-0.0097,-0.022,-0.0166,-0.0019,0.0021,-0.0099,-0.0002,-0.0086,0.0013,-0.016,-0.0357,-0.0101,-0.0037,0.0088,-0.0258,-0.003,-0.0271,-0.0098,0.0027,-0.0139,-0.0221,0.0022,-0.0226,-0.0081,-0.0135,0.0008,-0.0086,0.0046,-0.0236,-0.0107,-0.0214,-0.0161,-0.0164,-0.0025,-0.0093,-0.0054,-0.016,0.0006,-0.0168,-0.013,-0.0173,-0.0083,-0.0044,-0.0131,-0.0354,0.0155,-0.0083,-0.0135,-0.012,0.0091,-0.0087,-0.0104,-0.0064,-0.022,-0.0021,0.0023,-0.0135,-0.0384,-0.0112,-0.0108,-0.035,-0.029,-0.0271,-0.031,-0.0068,-0.007,-0.0189,-0.0105,0.0017,0.004,-0.0016,-0.0021
Candidatus.Abawacabacteria,-0.0176,-0.0039,-0.0094,-0.0058,-0.0153,-0.0085,-0.0161,-0.0116,-0.0397,0.0011,0.0061,0.0073,1.0,-0.0289,0.003,0.0047,0.0006,-0.0034,-0.0257,-0.0098,-0.0108,-0.012,0.0118,0.0042,-0.0194,-0.0187,-0.0087,-0.0197,-0.0,-0.0146,-0.0226,-0.0155,-0.0274,-0.0119,-0.0339,-0.0187,-0.0102,-0.0078,-0.0057,-0.0131,0.0013,-0.0108,-0.0192,0.0003,-0.0095,0.0005,-0.0063,0.0196,-0.028,-0.0097,-0.0228,-0.0031,-0.0093,-0.0114,-0.0171,0.0095,-0.0062,-0.024,-0.0372,-0.0126,-0.0344,-0.0185,-0.0076,0.0087,-0.0039,-0.0415,-0.0121,-0.019,-0.011,-0.0363,-0.0251,-0.0246,-0.0091,-0.0153,-0.0013,-0.0111,-0.0133,-0.0177,-0.0096,-0.0124,-0.0073,-0.0114,-0.022,-0.0224,-0.016,-0.0017,-0.0243,-0.0182,-0.0069,-0.0046,0.0073,-0.0164,-0.0193,-0.0165,-0.0117,-0.0127,-0.0202,-0.0176,-0.0078,0.0019,0.005,-0.0174,0.006,-0.0205,-0.0129,-0.0209,-0.0158,-0.0166,-0.005,0.0004,-0.0121,-0.0224,-0.0209,-0.0108,0.0063,0.001,0.0043,-0.0062,-0.0156,-0.0084,-0.0198,-0.0244,-0.023,0.006,-0.0118,0.0041,-0.0031,0.001,-0.0208,-0.0237,-0.0127,-0.0259,-0.0343,-0.0024,-0.0093,-0.0057,-0.0129,-0.0147,0.0028,-0.0351,-0.0223,-0.0065,-0.0047,-0.0032,-0.0095,-0.035,-0.015,-0.0146,-0.0198,-0.0133,0.002,-0.0079,-0.0273,-0.0048,-0.0128,-0.0245,0.0018,0.0013,-0.021
Candidatus.Absconditabacteria,-0.0093,0.0001,0.0089,-0.0103,-0.0256,-0.008,0.0007,-0.0206,-0.0175,-0.0073,-0.0101,-0.0246,-0.0289,1.0,-0.0294,0.0014,-0.0109,-0.0171,-0.016,-0.0132,-0.0263,-0.0006,-0.0104,-0.0131,-0.0192,-0.0108,-0.0123,-0.0101,0.0123,-0.0164,0.0088,-0.0051,0.0094,0.0006,-0.0274,-0.0165,-0.0068,-0.0135,-0.0116,-0.0188,-0.007,-0.0299,-0.0038,-0.0041,-0.0182,-0.0117,-0.008,-0.0287,-0.0139,-0.0078,-0.0051,-0.0157,0.0055,-0.0052,-0.0083,-0.0016,-0.01,-0.0283,-0.0237,-0.0179,-0.0092,-0.0026,-0.0081,-0.0101,-0.0192,-0.0088,-0.0128,-0.0366,0.002,0.0002,-0.0339,-0.0148,-0.0187,-0.0215,-0.0221,-0.0101,0.0044,-0.0172,0.0007,-0.004,-0.0029,-0.0212,-0.0245,-0.0026,-0.0072,-0.0234,-0.0208,-0.0125,-0.0286,-0.0103,0.0043,-0.0258,0.0073,-0.0161,-0.0079,-0.0071,0.0005,-0.0199,-0.0331,-0.0324,-0.0215,0.0001,-0.013,-0.0184,-0.013,-0.011,-0.0225,-0.0078,-0.0288,-0.0092,-0.0202,-0.0206,-0.0251,-0.027,-0.0177,-0.022,-0.0145,-0.0074,-0.0092,-0.0153,0.008,-0.0109,-0.0188,0.004,-0.0162,-0.0101,-0.0138,-0.0182,-0.0056,-0.0311,-0.0135,-0.0086,-0.0101,-0.0126,-0.0199,0.0005,-0.0071,-0.0105,-0.0134,-0.0201,-0.0105,-0.0125,-0.0044,-0.0116,0.0053,-0.0151,-0.0162,0.0088,-0.0076,-0.0001,-0.0116,-0.0136,-0.0176,-0.0069,-0.0138,-0.0234,-0.0171,-0.0302,-0.0042
Candidatus.Adlerbacteria,-0.0212,-0.0186,-0.0098,-0.012,0.0014,-0.0231,-0.0096,0.0056,0.0067,-0.0168,-0.0163,-0.0167,0.003,-0.0294,1.0,-0.0265,-0.0193,-0.0014,-0.0119,-0.027,-0.012,-0.0217,-0.0177,-0.0205,-0.0068,-0.0057,-0.0073,-0.0262,0.0002,0.0054,-0.018,-0.0087,-0.0236,-0.0131,-0.0054,-0.0152,-0.0135,-0.0065,-0.0184,-0.0137,-0.0097,-0.0101,0.0085,-0.0222,0.0012,-0.0106,-0.0321,-0.0341,-0.0091,0.0107,0.0048,0.0074,-0.0205,0.0077,-0.0183,-0.0163,-0.0215,-0.0173,-0.025,-0.0064,-0.002,0.0063,-0.0152,-0.0098,-0.0215,-0.012,-0.0107,-0.022,-0.0101,0.0153,-0.0122,-0.01,-0.01,-0.0258,-0.0156,-0.0094,-0.0003,0.0013,0.002,-0.021,-0.002,0.0042,-0.0169,0.0124,0.0058,-0.0081,-0.0061,-0.0201,-0.028,-0.0252,-0.0201,0.0005,-0.0141,-0.0164,-0.0433,0.0013,-0.0344,-0.0005,-0.0202,-0.0056,0.0025,0.002,-0.0094,-0.0202,-0.0139,-0.0266,-0.0245,-0.0029,-0.0043,-0.0243,-0.0034,-0.001,-0.0124,-0.0245,-0.0164,0.0033,-0.0057,-0.0162,-0.012,-0.0054,-0.0048,0.0032,-0.0335,-0.0033,-0.0087,0.0135,-0.0066,-0.023,-0.0105,-0.0128,-0.0143,-0.0078,-0.0102,-0.0334,-0.0022,-0.0192,-0.0133,-0.0108,-0.0108,-0.0042,-0.0049,0.0066,-0.0055,-0.0145,-0.0165,-0.0247,-0.0059,-0.0138,-0.0088,-0.0235,-0.0274,-0.0163,-0.0357,-0.0102,0.0001,-0.0252,-0.015,-0.0207,-0.0271
Candidatus.Aenigmarchaeota,-0.0112,-0.0128,-0.0007,-0.0223,-0.0017,-0.036,-0.0079,-0.0008,-0.0294,-0.0204,-0.0154,-0.0059,0.0047,0.0014,-0.0265,1.0,-0.0239,0.0028,-0.0021,-0.0077,-0.0114,0.0066,-0.0293,-0.0013,0.0032,-0.0071,-0.0045,-0.0341,-0.0179,-0.0172,-0.0132,-0.0162,-0.0268,-0.0072,0.0028,-0.0281,0.0112,-0.0059,-0.0097,-0.0101,-0.0036,-0.0182,-0.0233,-0.011,-0.0108,-0.0127,-0.0241,-0.003,-0.0162,-0.014,-0.0182,-0.0164,-0.0089,-0.0032,-0.0006,-0.0148,-0.0016,-0.0114,-0.0028,-0.0061,0.0058,-0.0141,-0.0117,-0.0079,-0.0141,-0.0269,-0.0008,0.0049,-0.0012,-0.0227,0.0013,-0.0267,-0.0255,-0.0166,-0.0139,-0.0241,-0.0104,-0.0044,-0.0102,-0.005,0.0077,-0.0151,-0.0134,-0.0041,-0.0165,-0.0097,0.0014,-0.0079,-0.0029,-0.0053,-0.0085,-0.0101,-0.001,0.0,-0.0223,-0.0081,0.0064,-0.0032,-0.0233,-0.007,-0.0126,-0.0082,-0.0196,-0.0028,-0.0165,-0.0004,-0.0376,-0.0105,0.0003,-0.0281,-0.0076,-0.0098,-0.0026,0.0,-0.0278,-0.008,-0.003,-0.0168,-0.0061,-0.0133,-0.0203,-0.0023,-0.0178,-0.0357,-0.0079,-0.0258,0.0043,-0.0298,-0.0061,0.0041,-0.0227,0.0001,-0.0173,-0.0147,0.0057,-0.0132,-0.0258,0.0048,-0.0043,-0.0035,-0.0107,-0.01,-0.0222,0.0054,0.0038,-0.0128,-0.0023,0.0099,-0.0176,-0.0244,-0.0136,-0.0275,-0.0126,-0.0153,-0.0258,-0.0043,-0.0205,-0.0189,-0.0149
Candidatus.Altiarchaeota,0.0018,-0.0355,-0.0029,-0.0062,-0.0065,-0.0052,-0.0154,-0.0164,-0.0076,-0.0211,-0.0159,0.0011,0.0006,-0.0109,-0.0193,-0.0239,1.0,-0.0066,-0.0127,-0.0118,-0.0059,-0.0003,-0.012,0.0095,-0.0119,-0.0204,-0.0158,-0.0105,-0.0189,-0.0149,-0.0305,0.009,-0.0226,-0.0033,-0.0064,-0.0212,-0.0028,-0.0171,-0.0002,-0.0214,-0.0178,0.0009,-0.0275,-0.0089,-0.0148,-0.0192,-0.009,-0.0302,0.0046,-0.0252,-0.0074,-0.0209,-0.009,-0.0105,0.0005,-0.0218,-0.0116,-0.0005,-0.0023,0.0058,-0.0303,-0.0194,-0.004,0.012,-0.0255,-0.0098,-0.0305,0.0007,-0.0186,-0.025,-0.0067,-0.0163,-0.0137,0.0166,-0.0126,-0.0201,0.0032,-0.0215,-0.0104,-0.0198,-0.0292,-0.0023,-0.0227,-0.0286,-0.0224,-0.0193,0.0033,-0.0218,-0.0204,-0.015,-0.0216,-0.0044,-0.0153,-0.0176,-0.0046,0.0064,-0.0004,-0.0157,-0.0197,-0.0188,-0.0276,-0.0164,-0.002,-0.009,-0.019,-0.0048,-0.0045,-0.0007,-0.0015,-0.0254,0.0045,-0.0027,-0.002,-0.0112,0.0023,-0.0204,-0.0159,-0.0254,-0.0004,-0.0088,-0.01,-0.0254,-0.015,-0.0062,-0.0253,-0.0133,-0.0176,-0.0162,0.0021,-0.0168,-0.0163,-0.0214,-0.0023,-0.0207,-0.013,-0.0313,-0.0122,-0.0164,0.003,0.0054,-0.0083,-0.0072,-0.0017,-0.0268,-0.0078,-0.0142,-0.0029,-0.0147,0.005,-0.0138,-0.0026,0.0124,-0.0375,-0.0047,-0.0092,-0.0076,-0.0244,-0.0175,-0.0125
Candidatus.Amesbacteria,-0.0101,-0.0299,-0.0147,-0.0079,-0.0198,-0.0149,-0.0164,-0.0154,-0.0136,-0.0142,-0.0098,-0.0126,-0.0034,-0.0171,-0.0014,0.0028,-0.0066,1.0,0.0004,-0.0087,-0.0062,-0.0171,0.0029,-0.0179,-0.0223,-0.0093,-0.0095,-0.0167,-0.0193,-0.0242,-0.0059,0.0014,-0.0165,-0.0207,-0.0175,-0.0146,-0.0108,0.0042,-0.0101,-0.018,-0.0068,-0.0143,-0.0202,-0.0256,-0.0158,-0.0023,-0.0105,-0.0227,-0.0125,-0.0083,-0.0186,-0.0073,-0.0089,-0.0171,-0.0127,-0.0178,-0.0127,-0.0054,-0.0058,-0.0055,-0.0268,-0.0032,-0.0013,0.0026,-0.0126,-0.016,0.0014,-0.0026,-0.0066,0.0237,-0.0249,-0.0087,0.0001,-0.0033,0.0192,-0.0047,-0.0103,-0.0197,-0.0125,0.0026,-0.0094,-0.0214,0.0024,-0.0099,-0.0095,-0.0122,-0.0183,0.0195,0.0001,0.0051,-0.0239,-0.0173,0.0145,-0.0223,-0.0195,-0.0218,-0.0097,-0.0119,0.0035,-0.018,-0.0294,-0.0063,-0.028,0.0001,-0.0141,-0.0049,-0.014,-0.0131,-0.0106,-0.0165,-0.0107,0.0047,-0.0281,0.0119,-0.018,-0.0409,-0.0186,-0.017,-0.028,-0.0088,-0.0029,-0.0443,-0.014,-0.0103,-0.0053,0.0,0.0099,-0.0097,-0.0028,-0.0205,-0.0279,-0.0055,-0.02,-0.0008,-0.0094,-0.0356,-0.0249,0.0025,-0.0181,-0.0191,-0.0244,-0.0084,-0.0178,-0.0149,0.0141,0.0009,-0.0205,-0.024,-0.0017,-0.0057,-0.0047,-0.0288,-0.0216,-0.0257,-0.0079,-0.0149,-0.0144,-0.0057,0.0071
Candidatus.Aminicenantes,-0.0016,-0.0044,-0.0002,-0.0269,-0.0154,0.0072,-0.0235,-0.0121,-0.0162,-0.0179,-0.0269,0.0109,-0.0257,-0.016,-0.0119,-0.0021,-0.0127,0.0004,1.0,-0.0113,-0.0382,-0.0169,-0.0108,-0.0064,-0.0147,-0.01,-0.0196,-0.0036,-0.0128,-0.0216,-0.0272,0.0232,-0.002,0.0001,-0.016,0.0011,0.0027,-0.0245,-0.0096,-0.0123,-0.009,-0.0127,-0.0078,-0.0062,-0.0457,-0.0117,-0.0113,-0.0153,-0.0143,-0.0203,-0.0053,-0.019,-0.0008,-0.0143,-0.0196,0.0029,-0.0092,0.0117,-0.0067,0.0018,-0.0048,-0.0136,-0.0239,-0.007,0.002,-0.0286,-0.0326,-0.0043,-0.0041,0.0033,-0.006,-0.0134,-0.0107,-0.0258,-0.0022,0.0032,-0.0133,0.0059,-0.0236,-0.0047,-0.0268,-0.0042,0.0185,-0.0202,-0.0342,-0.0201,-0.0053,-0.0088,-0.0286,-0.0089,0.0083,-0.0006,0.01,-0.0061,-0.032,-0.0267,-0.0237,-0.0075,-0.0223,-0.0051,-0.0085,-0.0288,-0.0042,-0.0261,-0.0283,-0.0086,-0.0081,-0.0304,-0.0037,-0.0208,-0.0048,-0.0221,-0.0213,-0.0128,-0.027,-0.0233,-0.0171,-0.0136,0.0091,-0.0147,0.0039,0.0004,0.0076,-0.0141,-0.0159,-0.0083,0.0043,-0.0168,-0.0183,0.0118,-0.0018,-0.0241,-0.0015,0.0044,0.0098,0.0056,-0.0307,-0.0103,-0.0195,-0.0122,-0.0214,-0.0127,-0.0263,-0.0038,-0.0273,-0.0117,-0.0033,-0.0082,-0.0197,-0.0161,-0.0076,-0.0077,-0.0051,-0.0063,-0.0146,-0.0205,-0.0003,-0.0173,0.0017
Candidatus.Andersenbacteria,-0.0118,-0.0127,-0.0129,-0.0135,-0.0095,-0.0258,-0.0159,-0.0032,0.0008,0.0048,-0.0091,-0.0141,-0.0098,-0.0132,-0.027,-0.0077,-0.0118,-0.0087,-0.0113,1.0,-0.0286,-0.0114,-0.0258,0.0009,-0.0017,-0.0009,-0.0173,-0.0054,-0.022,-0.0114,-0.0156,-0.0199,-0.0002,-0.0199,-0.0167,-0.0117,-0.0204,-0.0179,-0.0154,-0.0135,-0.0101,-0.0163,-0.0097,-0.0083,-0.0244,-0.0251,-0.0065,-0.0082,-0.0396,0.0014,-0.0009,-0.0132,-0.0228,-0.0053,-0.0144,-0.0078,0.0021,-0.0319,-0.0071,0.0041,-0.0146,-0.0117,0.0062,-0.0078,0.0207,-0.0083,0.011,-0.0209,-0.0041,-0.015,0.0043,0.0006,-0.0052,-0.014,-0.0121,-0.0061,-0.0102,0.0017,-0.0238,-0.0171,-0.0026,-0.0086,-0.0377,-0.0228,-0.0045,-0.0248,-0.005,-0.0133,-0.0134,-0.0217,-0.0085,-0.0138,-0.0008,-0.0118,-0.0158,-0.0173,-0.0146,0.003,-0.0119,-0.0162,-0.0235,0.0042,0.0018,-0.008,-0.0203,-0.0124,-0.0067,-0.0454,-0.0122,-0.0089,-0.0238,-0.0049,-0.0101,-0.0064,-0.0079,-0.0007,-0.0103,-0.0231,-0.0014,-0.0293,-0.0222,-0.0119,-0.0134,-0.0092,-0.0014,-0.0046,-0.0055,-0.0248,-0.0117,-0.017,-0.0052,-0.0093,-0.0257,-0.0222,-0.0365,-0.0009,-0.0023,-0.0149,-0.0107,-0.0069,-0.0302,-0.0057,-0.0203,-0.0044,-0.0156,-0.0389,-0.0286,-0.0127,-0.0267,-0.0041,-0.0112,0.0127,-0.0193,-0.0123,-0.0162,-0.0199,-0.0137,0.0153,-0.0074
Candidatus.Azambacteria,-0.0179,-0.017,-0.0075,-0.0077,-0.0147,-0.0141,-0.0073,-0.0266,-0.0153,-0.0241,-0.0329,-0.0193,-0.0108,-0.0263,-0.012,-0.0114,-0.0059,-0.0062,-0.0382,-0.0286,1.0,0.0022,-0.0252,-0.0066,-0.0126,0.0002,-0.0295,-0.0066,-0.0184,-0.0209,-0.0183,-0.0096,-0.0335,-0.0005,-0.0159,-0.0234,-0.0221,-0.0124,-0.0267,-0.0123,-0.0079,-0.0167,-0.012,-0.0021,0.0146,-0.0062,-0.0163,-0.0266,-0.0007,-0.0278,-0.0054,-0.0045,-0.0325,-0.0312,-0.0063,0.0028,-0.032,0.0032,-0.0136,-0.0045,-0.0008,-0.0125,-0.016,-0.0143,-0.0184,-0.022,-0.0026,-0.0005,-0.0064,0.0003,-0.0093,-0.0324,-0.0034,-0.0106,-0.0124,-0.0305,-0.031,-0.0101,-0.0129,-0.0008,-0.0155,-0.0009,-0.0151,-0.006,-0.001,0.0026,-0.027,0.0031,-0.0356,0.004,-0.019,-0.029,-0.0188,-0.0099,-0.0165,-0.0184,-0.0062,-0.0003,-0.0114,-0.0031,0.0004,-0.017,-0.0045,-0.0159,-0.0306,-0.009,-0.0244,-0.0109,0.0177,-0.0123,-0.0325,-0.016,0.0012,-0.0094,-0.0036,-0.0221,-0.009,-0.0177,-0.0105,-0.0353,-0.023,-0.0213,0.0029,-0.0124,0.0034,-0.012,-0.0087,-0.0193,-0.0046,-0.0175,0.0196,-0.0085,-0.0077,-0.0237,-0.0047,-0.0166,-0.0174,-0.0195,-0.0032,0.0027,-0.0117,-0.0328,-0.0233,-0.0255,-0.0052,-0.0199,0.0055,-0.01,-0.0004,-0.0033,-0.0149,-0.002,0.0031,-0.0147,-0.0241,-0.0032,-0.0113,-0.0319,-0.0213
Candidatus.Bathyarchaeota,-0.016,-0.012,-0.0029,-0.0055,-0.014,-0.0189,-0.0139,-0.0324,-0.0251,-0.001,-0.0124,-0.0026,-0.012,-0.0006,-0.0217,0.0066,-0.0003,-0.0171,-0.0169,-0.0114,0.0022,1.0,-0.006,-0.0242,-0.006,-0.0084,-0.0158,-0.0283,-0.008,-0.0299,0.002,-0.0125,-0.0052,-0.0179,-0.0126,-0.0095,-0.0179,-0.0145,-0.0206,-0.009,-0.01,-0.0196,-0.002,0.0035,-0.0076,-0.0106,-0.0167,0.0061,-0.0079,-0.0096,-0.0317,0.0032,-0.014,0.004,-0.0137,-0.0007,-0.0135,-0.0276,-0.0017,-0.0057,0.0041,0.0015,-0.0195,-0.0085,-0.0198,0.0199,-0.0087,-0.0222,-0.013,-0.0146,-0.0069,-0.0258,-0.0093,-0.0249,-0.002,-0.0275,-0.0041,0.0098,-0.011,-0.0091,-0.0083,-0.0301,0.0081,-0.0056,-0.0117,-0.0085,-0.0125,-0.0296,-0.0044,-0.0067,-0.0178,-0.0202,0.0079,-0.0215,-0.0115,-0.0087,0.0072,-0.0127,-0.0193,-0.0015,-0.0085,-0.0181,0.0044,-0.0124,-0.015,-0.0061,-0.0104,0.0013,-0.0044,-0.0046,0.0047,-0.0034,-0.0013,-0.0081,-0.0304,-0.0041,-0.0229,-0.0302,-0.0183,-0.0195,-0.0064,-0.0143,-0.0329,-0.0103,-0.0094,-0.0065,-0.0085,-0.0146,-0.0028,-0.0032,0.0138,-0.0066,-0.0215,-0.0114,-0.0065,-0.008,0.0016,-0.0047,-0.0077,-0.0061,-0.0017,0.0108,0.0142,-0.0084,-0.0153,-0.0075,-0.0301,-0.0348,0.0098,-0.0372,-0.032,-0.014,-0.0171,-0.0192,-0.0284,-0.0245,0.0112,-0.0211,-0.0124
Candidatus.Beckwithbacteria,-0.0292,-0.0248,-0.025,-0.0019,0.0002,-0.0193,-0.0048,-0.0122,-0.0058,0.0066,0.0103,-0.0107,0.0118,-0.0104,-0.0177,-0.0293,-0.012,0.0029,-0.0108,-0.0258,-0.0252,-0.006,1.0,-0.0087,-0.0044,-0.0177,-0.0055,-0.005,-0.0182,0.0099,-0.0196,-0.0192,-0.0111,-0.01,-0.0031,-0.0117,-0.0092,-0.0197,-0.0366,-0.0188,0.0015,-0.0285,-0.0129,-0.0065,-0.0247,-0.0105,-0.0252,-0.0133,-0.028,-0.0199,-0.017,-0.0192,-0.0116,-0.0051,-0.0201,-0.0132,0.0127,-0.0041,-0.0151,-0.0182,-0.0272,-0.009,-0.02,-0.0153,0.0139,-0.0002,-0.0155,-0.0198,-0.0188,-0.0303,-0.0099,-0.0076,-0.0143,-0.0152,-0.0054,-0.0037,-0.0154,-0.0112,-0.0053,-0.0109,-0.0081,-0.0067,-0.0242,-0.0133,0.0043,-0.0058,-0.0153,-0.0122,-0.02,-0.0153,0.0126,-0.0186,-0.0155,-0.0071,-0.0159,-0.0396,-0.0249,-0.0077,-0.0018,0.0009,-0.0171,-0.0273,-0.0086,-0.0014,-0.0108,-0.0024,-0.0097,-0.0016,-0.0323,0.0026,-0.0187,-0.0084,0.0102,0.0008,-0.0281,-0.0102,-0.0166,-0.013,-0.017,-0.0037,-0.0241,-0.0113,-0.0222,-0.0166,-0.0033,-0.0281,-0.0058,-0.0295,-0.0125,-0.0095,-0.0048,-0.0065,-0.0079,-0.0057,-0.0056,-0.0144,-0.0075,-0.0125,-0.0059,0.0024,-0.0029,-0.0288,-0.0248,0.0064,-0.0068,-0.0108,-0.0089,-0.0298,-0.0116,0.0035,-0.0168,-0.0342,-0.0157,-0.0283,-0.0097,-0.0214,-0.0079,-0.0056,-0.0104
Candidatus.Berkelbacteria,-0.0127,-0.0301,0.0013,-0.0249,-0.0182,0.0029,-0.0191,-0.0214,-0.0203,-0.009,-0.0077,-0.0083,0.0042,-0.0131,-0.0205,-0.0013,0.0095,-0.0179,-0.0064,0.0009,-0.0066,-0.0242,-0.0087,1.0,-0.0036,-0.0121,-0.0257,-0.0081,-0.0181,-0.0126,-0.0051,-0.0067,-0.013,-0.0137,-0.003,0.0097,-0.0077,-0.0016,-0.0162,0.0006,-0.0188,-0.0151,-0.0026,-0.0133,-0.0005,-0.0187,-0.0088,-0.01,0.0023,-0.0375,-0.0132,-0.0214,-0.0027,-0.01,-0.0283,-0.0171,-0.0156,-0.0097,0.0039,-0.02,-0.0104,-0.0211,-0.0101,-0.0157,0.0013,-0.0032,0.0008,0.0016,-0.027,-0.0211,-0.0186,-0.009,0.0008,-0.024,-0.0087,-0.0104,-0.012,-0.0155,-0.0022,-0.0245,-0.0222,-0.007,-0.0144,-0.0129,-0.0086,-0.0072,-0.0113,-0.016,-0.0385,0.0133,-0.0078,-0.0168,-0.0233,-0.0053,-0.0285,-0.0277,0.0055,0.0048,-0.0052,-0.0171,-0.0182,0.0041,-0.0222,-0.0223,-0.0157,-0.0218,-0.0167,0.0058,-0.018,-0.0028,-0.0062,-0.0069,-0.0238,-0.017,-0.0146,-0.0073,-0.0264,0.0069,-0.0118,-0.0052,-0.0246,-0.0096,-0.0205,0.0137,-0.0214,-0.0054,-0.0231,-0.0151,0.0069,-0.026,-0.0058,0.0048,-0.0064,-0.029,-0.0119,-0.026,-0.0026,-0.0157,-0.0047,-0.0124,-0.0287,-0.0244,-0.0007,-0.0154,-0.0158,-0.0307,-0.0042,-0.0181,-0.0009,-0.0166,-0.0181,-0.0212,0.0018,-0.0102,-0.0178,-0.0076,-0.0112,-0.0221,-0.0155
Candidatus.Bipolaricaulota,-0.0174,-0.0044,-0.0077,-0.0107,-0.0166,-0.0222,-0.0213,-0.0126,0.0056,-0.0254,-0.0229,-0.0156,-0.0194,-0.0192,-0.0068,0.0032,-0.0119,-0.0223,-0.0147,-0.0017,-0.0126,-0.006,-0.0044,-0.0036,1.0,-0.026,-0.024,-0.0131,-0.0165,-0.0085,-0.0209,-0.0126,-0.0077,-0.0052,-0.0159,-0.0201,-0.0396,-0.033,-0.0214,-0.0028,-0.0222,-0.0198,-0.0047,-0.0164,-0.0194,-0.0089,-0.024,-0.0082,-0.0257,-0.0217,-0.001,-0.0103,-0.0078,-0.0002,-0.0358,-0.0227,0.0027,-0.0289,-0.0137,-0.0067,-0.0193,0.001,-0.0091,-0.0141,0.0062,0.0017,-0.0191,-0.0015,-0.0383,0.007,-0.0024,-0.0103,-0.0337,-0.0122,-0.0097,-0.0035,-0.0126,0.0144,-0.0053,-0.0193,0.0049,-0.0165,-0.0175,-0.0114,-0.0129,-0.0151,-0.0278,-0.0343,0.0176,-0.0197,-0.0181,-0.0115,-0.0159,-0.0037,-0.0031,-0.0081,-0.0035,-0.0099,-0.0261,-0.0058,-0.0283,-0.0124,-0.0242,-0.0203,0.0028,-0.0206,-0.0046,-0.0032,0.008,0.0093,-0.0075,0.0005,-0.0257,-0.013,-0.0181,-0.0149,-0.0228,-0.0063,-0.0272,0.0011,-0.0292,-0.014,-0.0196,-0.0212,-0.0146,-0.0088,0.0069,-0.028,0.0006,-0.0165,-0.0242,0.0043,-0.0134,-0.0138,0.0036,-0.0017,-0.0212,-0.0124,-0.0373,-0.0003,0.0013,-0.0124,-0.0217,0.0056,0.0105,-0.0418,0.0104,-0.0085,-0.0104,-0.0153,-0.0247,-0.0021,-0.0129,-0.0249,-0.0141,-0.0128,0.0002,-0.0082,-0.0111
Candidatus.Blackallbacteria,-0.0147,-0.0196,-0.0066,-0.0091,-0.0156,-0.0248,0.0032,-0.0041,-0.0167,-0.0151,-0.0216,-0.0253,-0.0187,-0.0108,-0.0057,-0.0071,-0.0204,-0.0093,-0.01,-0.0009,0.0002,-0.0084,-0.0177,-0.0121,-0.026,1.0,-0.0151,0.0018,-0.0173,-0.0095,-0.012,-0.0025,-0.0352,-0.0109,-0.0128,-0.0131,-0.0262,-0.0187,-0.0285,-0.0091,0.0308,-0.0206,-0.0158,-0.0044,-0.0152,-0.0142,-0.0307,-0.0125,-0.0182,-0.0037,-0.0063,0.0261,-0.0061,-0.0321,-0.019,-0.0153,-0.027,-0.0142,-0.0108,-0.0029,-0.0112,-0.0188,-0.0122,0.0044,-0.0152,-0.0177,-0.015,-0.0258,-0.0047,-0.0224,-0.0145,-0.0045,-0.0064,-0.0192,-0.0045,-0.0067,-0.0142,0.0025,-0.0054,-0.009,0.0017,-0.0128,-0.0192,0.0008,-0.0094,-0.0147,-0.0105,-0.0216,-0.0116,-0.0129,-0.01,-0.0261,-0.0201,-0.0057,0.0063,0.0001,-0.0054,-0.0221,0.0041,-0.0093,-0.0048,-0.0119,-0.0124,-0.0164,-0.0156,-0.0085,-0.0208,-0.02,0.0083,0.0073,-0.0093,0.0023,0.0017,0.0057,-0.0271,-0.0036,-0.004,-0.0055,0.0027,-0.0084,-0.0314,-0.0181,-0.0208,-0.0198,-0.0068,-0.0336,-0.0222,-0.0164,-0.0079,-0.0107,-0.0089,0.0054,-0.0019,0.0072,0.0023,-0.0225,-0.0296,-0.0047,-0.0029,-0.0051,-0.0046,-0.0023,-0.0172,-0.0283,0.0057,-0.0142,-0.011,-0.0127,-0.0056,-0.0241,0.0156,-0.0215,-0.033,-0.0237,-0.0127,-0.0217,-0.0292,0.0072,-0.002
Candidatus.Blackburnbacteria,-0.022,-0.0148,-0.0138,-0.0068,-0.0087,-0.0098,0.005,-0.0016,-0.0235,-0.0299,-0.0144,-0.0006,-0.0087,-0.0123,-0.0073,-0.0045,-0.0158,-0.0095,-0.0196,-0.0173,-0.0295,-0.0158,-0.0055,-0.0257,-0.024,-0.0151,1.0,-0.0217,-0.0128,-0.0361,-0.0144,-0.0231,-0.0043,-0.0133,-0.0223,-0.0137,-0.0162,-0.0256,-0.0141,-0.0191,-0.0275,-0.0172,0.004,-0.0119,-0.0069,-0.007,-0.0049,-0.0171,0.0024,-0.0137,-0.0004,0.0018,0.0061,-0.0097,-0.0142,-0.0294,-0.0073,0.0064,-0.0105,-0.0296,-0.0096,-0.0195,0.001,-0.0211,-0.0219,-0.0186,-0.0284,0.0131,-0.0289,-0.0198,0.0029,-0.0046,-0.0344,-0.0162,-0.0174,-0.0159,-0.0039,-0.0106,0.0014,-0.0242,-0.0064,-0.021,-0.0135,-0.0011,0.0033,-0.0078,-0.0051,-0.0164,-0.0271,-0.0281,-0.0085,-0.0038,-0.0322,-0.0147,-0.0218,-0.009,-0.0009,-0.0083,-0.0243,-0.0026,-0.0129,-0.0063,-0.0156,0.0068,-0.0104,-0.0254,-0.0359,-0.0016,-0.0112,-0.0179,-0.0263,-0.0238,-0.0271,-0.0226,-0.0074,-0.0144,0.0169,-0.02,-0.0038,-0.0224,-0.0166,-0.0071,0.0004,-0.0193,-0.0301,-0.0096,-0.0254,-0.0084,-0.0394,-0.0134,-0.0296,-0.0313,-0.0105,-0.0214,-0.0267,-0.0023,-0.0355,-0.0166,0.0012,-0.0358,-0.0142,-0.0142,-0.0182,-0.0028,0.0038,-0.0115,-0.021,-0.0017,-0.0128,-0.0067,-0.0067,-0.0262,-0.0246,0.0094,-0.0031,-0.0139,-0.0092,-0.0236,-0.0252
Candidatus.Brennerbacteria,-0.0102,-0.016,-0.0027,-0.0067,-0.0116,-0.0062,-0.0074,-0.0202,0.0041,-0.0093,-0.0017,-0.0203,-0.0197,-0.0101,-0.0262,-0.0341,-0.0105,-0.0167,-0.0036,-0.0054,-0.0066,-0.0283,-0.005,-0.0081,-0.0131,0.0018,-0.0217,1.0,-0.0014,-0.0094,-0.0248,-0.0064,0.0017,-0.0014,-0.0132,-0.0107,-0.0142,-0.0048,-0.0173,-0.0235,-0.0018,-0.0101,-0.006,-0.019,-0.0124,-0.0037,-0.0071,0.0068,-0.0142,-0.0273,-0.0122,-0.0178,-0.0041,-0.0159,-0.0107,-0.0081,-0.004,-0.0032,-0.0017,-0.0202,-0.0219,-0.0283,-0.0247,-0.0354,-0.0291,-0.0081,-0.0219,-0.0117,-0.0078,0.0076,-0.0209,-0.0187,-0.011,0.0157,-0.0152,-0.0028,-0.0247,-0.019,-0.0164,0.0004,-0.0044,-0.0098,-0.0109,-0.0137,-0.0301,-0.0078,-0.0132,-0.0068,-0.0151,-0.0037,-0.019,-0.0083,-0.0104,-0.0026,-0.0352,-0.0252,-0.0077,-0.0274,-0.009,-0.0003,-0.0129,-0.018,-0.0004,0.0068,-0.003,-0.0122,-0.0271,-0.0189,-0.0171,-0.016,-0.0096,-0.0205,-0.0011,-0.0057,-0.0291,-0.0015,-0.0204,-0.0162,-0.0124,-0.0108,-0.008,-0.0172,-0.0152,-0.0227,-0.01,-0.0155,0.0054,-0.0087,-0.0208,-0.0152,0.0028,-0.0221,-0.0383,-0.003,-0.0195,-0.0176,-0.0276,-0.0005,0.0094,-0.0023,-0.0094,-0.0169,-0.0139,-0.0229,-0.027,-0.0161,-0.0165,0.0006,0.0057,-0.0276,-0.0168,-0.0124,-0.0233,-0.0181,-0.0186,0.0012,-0.0117,-0.019,-0.022
