,Acidobacteriota,Actinomycetota,Aquificota,Armatimonadota,Atribacterota,Bacillota,Bacteroidota,Balneolota,Bdellovibrionota,Calditrichota,Campylobacterota,Candidatus Adlerbacteria,Candidatus Aenigmarchaeota,Candidatus Amesbacteria,Candidatus Aminicenantes,Candidatus Azambacteria,Candidatus Bathyarchaeota,Candidatus Beckwithbacteria,Candidatus Berkelbacteria,Candidatus Bipolaricaulota,Candidatus Blackallbacteria,Candidatus Buchananbacteria,Candidatus Campbellbacteria,Candidatus Coatesbacteria,Candidatus Curtissbacteria,Candidatus Dadabacteria,Candidatus Daviesbacteria,Candidatus Doudnabacteria,Candidatus Edwardsbacteria,Candidatus Eisenbacteria,Candidatus Falkowbacteria,Candidatus Firestonebacteria,Candidatus Fraserbacteria,Candidatus Giovannonibacteria,Candidatus Glassbacteria,Candidatus Gottesmanbacteria,Candidatus Gracilibacteria,Candidatus Handelsmanbacteria,Candidatus Harrisonbacteria,Candidatus Heimdallarchaeota,Candidatus Jorgensenbacteria,Candidatus Kaiserbacteria,Candidatus Kerfeldbacteria,Candidatus Komeilibacteria,Candidatus Kuenenbacteria,Candidatus Levybacteria,Candidatus Liptonbacteria,Candidatus Lloydbacteria,Candidatus Lokiarchaeota,Candidatus Magasanikbacteria,Candidatus Margulisbacteria,Candidatus Marinimicrobia,Candidatus Melainabacteria,Candidatus Micrarchaeota,Candidatus Moranbacteria,Candidatus Nanohaloarchaeota,Candidatus Nealsonbacteria,Candidatus Nomurabacteria,Candidatus Omnitrophica,Candidatus Pacebacteria,Candidatus Peregrinibacteria,Candidatus Portnoybacteria,Candidatus Ratteibacteria,Candidatus Raymondbacteria,Candidatus Riflebacteria,Candidatus Roizmanbacteria,Candidatus Rokubacteria,Candidatus Saccharibacteria,Candidatus Schekmanbacteria,Candidatus Shapirobacteria,Candidatus Spechtbacteria,Candidatus Staskawiczbacteria,Candidatus Sungbacteria,Candidatus Taylorbacteria,Candidatus Tectomicrobia,Candidatus Terrybacteria,Candidatus Thermoplasmatota,Candidatus Uhrbacteria,Candidatus Vogelbacteria,Candidatus Woesearchaeota,Candidatus Woesebacteria,Candidatus Wolfebacteria,Candidatus Woykebacteria,Candidatus Yanofskybacteria,Candidatus Yonathbacteria,Candidatus Zambryskibacteria,Chlamydiota,Chlorobiota,Chloroflexota,Chrysiogenota,Cyanobacteriota,Deferribacterota,Deinococcota,Dictyoglomota,Elusimicrobiota,Euryarchaeota,Fusobacteriota,Gemmatimonadota,Ignavibacteriota,Kiritimatiellota,Lentisphaerota,Mycoplasmatota,Myxococcota,Nitrososphaerota,Nitrospinota,Nitrospirota,Planctomycetota,Pseudomonadota,Spirochaetota,Synergistota,Thermodesulfobacteriota,Thermomicrobiota,Thermoproteota,Thermotogota,Verrucomicrobiota,candidate division NC10,candidate division WWE3,candidate division Zixibacteria
Acidobacteriota,1.0,0.0028,-0.0139,-0.0037,-0.0104,-0.0026,-0.0139,0.0039,-0.0074,-0.0063,0.0119,-0.0026,-0.0115,-0.0009,0.0101,-0.0054,-0.0113,-0.0014,-0.0025,-0.0138,0.0042,-0.003,-0.0072,-0.0115,-0.009,-0.0062,-0.0098,-0.0016,-0.0078,-0.0139,-0.0046,-0.0151,0.0087,0.0039,-0.0008,-0.0033,0.0009,-0.0164,-0.0133,0.0045,0.0074,-0.0039,-0.0107,-0.0071,-0.0116,-0.0139,-0.0088,-0.0055,-0.0061,-0.0186,-0.0127,-0.0069,-0.01,-0.0051,0.0052,-0.0005,-0.0074,-0.0072,-0.0092,-0.0073,-0.0,-0.0079,-0.0089,0.008,-0.0079,-0.0143,-0.0157,-0.0083,-0.0107,-0.0078,-0.0103,-0.0001,-0.0041,-0.0011,-0.0053,-0.0128,-0.0072,-0.0045,-0.0054,-0.0002,0.0035,-0.003,0.0069,0.006,-0.0042,-0.0084,-0.0057,-0.0021,-0.0012,-0.0006,0.0014,-0.0037,-0.0099,-0.0128,-0.0207,0.0022,-0.0033,-0.011,0.0007,-0.0049,-0.0038,-0.0025,-0.014,-0.0085,-0.0047,-0.0046,-0.0148,-0.0051,0.0013,-0.0037,-0.01,-0.0086,-0.0091,-0.005,-0.0059,-0.0031,-0.0074,-0.0086
Actinomycetota,0.0028,1.0,-0.0043,-0.0083,-0.0098,-0.0008,-0.0028,0.0025,0.0055,-0.0012,-0.0023,-0.0033,-0.0075,-0.0048,-0.0109,-0.0079,-0.0125,-0.0081,-0.0035,-0.012,-0.0057,-0.0002,-0.0114,-0.0081,-0.0149,-0.0102,-0.0007,0.0051,-0.0099,-0.0009,-0.0135,0.0043,0.0065,-0.0074,-0.0121,0.0032,0.0127,-0.0071,-0.0025,-0.0095,-0.0049,-0.0101,-0.0088,-0.0057,0.0,-0.0054,-0.0074,0.006,-0.0066,-0.0036,-0.0075,-0.0147,-0.0073,0.0015,-0.0097,-0.0053,-0.0098,-0.0087,-0.0082,0.0032,-0.0009,-0.0042,-0.0079,-0.0162,-0.0092,-0.0136,-0.0064,0.0047,-0.0051,-0.0098,0.0017,-0.0092,-0.0096,-0.002,-0.0041,-0.0056,-0.0045,-0.0193,0.0022,0.0104,-0.0152,0.0009,-0.0065,0.0074,-0.0052,0.0006,-0.0083,-0.0074,-0.0003,-0.0045,-0.0161,-0.0106,0.003,0.0034,-0.0084,-0.0114,-0.0063,-0.0081,-0.0099,-0.0157,-0.0056,-0.0105,-0.0041,-0.0155,-0.0126,-0.0042,-0.0075,-0.0,0.0028,-0.0118,-0.0059,-0.01,-0.009,0.0006,-0.0078,-0.0109,-0.0009,-0.0123
Aquificota,-0.0139,-0.0043,1.0,0.0042,-0.0034,0.0008,-0.0044,-0.0154,-0.0186,-0.0058,-0.0018,0.0005,-0.0156,0.0028,-0.0016,-0.0068,-0.008,-0.0035,-0.0064,-0.0111,-0.0051,-0.0016,-0.0058,-0.0027,-0.0046,0.0037,0.0003,0.0009,-0.0045,-0.005,-0.0067,-0.0054,-0.0028,-0.0015,-0.0084,-0.0132,-0.0088,-0.0148,-0.0012,0.0035,0.0056,0.0026,0.0026,-0.0011,0.0007,-0.0074,-0.006,-0.0051,-0.0128,0.0013,-0.0075,-0.0051,-0.0059,0.001,-0.0009,-0.005,-0.0049,0.0084,-0.01,-0.0107,-0.0086,-0.0106,-0.0034,-0.0061,-0.0044,-0.0095,-0.0089,-0.0096,-0.0089,-0.0035,-0.0007,-0.0121,-0.0101,-0.0043,-0.0176,-0.0007,-0.0157,-0.0047,0.001,-0.001,-0.0055,-0.0132,-0.001,-0.0039,-0.0061,-0.002,-0.0119,-0.0056,-0.0088,-0.0046,-0.0041,-0.0063,-0.0086,-0.0041,-0.0055,0.0002,-0.0105,-0.0021,0.0052,-0.0051,-0.0146,-0.0121,-0.0126,-0.0067,0.0023,-0.0069,-0.0194,-0.0126,-0.0103,-0.0055,-0.0027,-0.0,-0.0,-0.0037,-0.0065,-0.0084,-0.0094,0.0012
Armatimonadota,-0.0037,-0.0083,0.0042,1.0,-0.0145,-0.0021,0.002,-0.0009,-0.0109,-0.0048,-0.0141,-0.0095,-0.0052,-0.0036,-0.0094,-0.006,-0.0053,-0.0023,-0.0114,-0.0018,-0.0032,-0.0085,-0.0049,-0.018,-0.011,-0.0092,-0.006,-0.0122,-0.0031,-0.0082,-0.0028,-0.0129,-0.0077,-0.0006,-0.0171,-0.0078,-0.0132,-0.0011,0.0023,-0.0121,-0.0042,-0.0109,-0.0123,-0.0108,0.0018,-0.007,0.0017,-0.0004,-0.0097,-0.0146,-0.0252,-0.009,-0.0085,-0.0127,-0.0049,-0.0042,-0.0111,-0.0001,-0.0119,-0.0041,-0.0159,-0.0048,-0.0072,-0.0103,-0.0051,-0.0023,-0.002,-0.0029,-0.006,-0.0114,-0.0027,0.0014,-0.0043,0.004,-0.0045,-0.0016,-0.0048,-0.0131,-0.0015,-0.0111,-0.0059,-0.0114,-0.0089,-0.0048,-0.0048,-0.0159,0.0013,0.0028,-0.003,-0.0009,-0.0143,-0.0023,-0.0007,-0.002,0.0013,-0.0036,-0.0002,-0.0054,0.0036,-0.0047,-0.0055,-0.0086,-0.008,-0.0027,-0.0011,0.0034,-0.0002,-0.013,-0.0108,-0.0062,-0.0116,-0.0075,-0.007,-0.0124,-0.0143,-0.0086,-0.0098,-0.0118
Atribacterota,-0.0104,-0.0098,-0.0034,-0.0145,1.0,-0.0074,-0.0136,-0.01,-0.0082,-0.0068,-0.0166,-0.0079,-0.0108,-0.0071,-0.0051,-0.0067,-0.0013,-0.0065,-0.0119,-0.005,-0.0067,-0.0125,-0.0188,-0.0079,-0.0093,-0.0015,-0.0079,-0.0146,-0.0069,0.0043,-0.0048,-0.0036,-0.0111,-0.0083,-0.0089,-0.0186,-0.0035,0.0067,-0.0011,-0.0028,-0.0063,-0.0021,-0.0028,-0.0011,-0.0145,0.0002,0.0013,-0.0134,-0.0103,-0.0047,-0.007,-0.014,-0.0077,-0.0061,-0.0112,-0.0027,-0.0106,-0.0008,-0.0156,-0.0164,-0.0083,-0.0143,-0.0025,-0.0009,0.0056,0.0021,-0.0114,-0.0096,-0.0058,-0.0097,-0.0138,-0.0029,-0.0098,-0.0102,-0.0043,-0.0041,-0.0041,-0.003,-0.0077,-0.0083,0.001,-0.0008,-0.0028,-0.012,-0.005,-0.0183,-0.0079,-0.0024,0.0006,-0.0091,-0.0043,-0.0007,-0.0017,-0.0076,0.0023,-0.0066,-0.0132,-0.0139,0.0038,-0.0032,-0.0139,-0.0099,0.0037,0.0008,-0.0061,-0.0064,-0.0051,0.0075,-0.0081,-0.0067,0.0018,-0.0027,0.0132,-0.0038,-0.0039,-0.0006,-0.0148,-0.0121
Bacillota,-0.0026,-0.0008,0.0008,-0.0021,-0.0074,1.0,-0.0049,-0.0089,0.0004,-0.0096,-0.0093,-0.0046,-0.0155,0.0008,-0.0081,-0.0105,0.0006,-0.0138,-0.0077,-0.0151,-0.0097,-0.0029,-0.0161,-0.0039,-0.0109,-0.0068,-0.0064,-0.013,-0.0113,-0.0005,-0.0058,0.0014,-0.0152,-0.0081,-0.0115,-0.0015,0.0043,-0.0038,-0.0035,-0.0009,-0.0015,-0.0186,-0.0096,-0.0064,-0.0048,-0.0058,-0.0087,-0.0069,-0.005,-0.0121,0.0012,-0.008,0.0047,-0.0051,-0.006,-0.0057,-0.0053,-0.0026,-0.0101,-0.0073,-0.0051,0.0086,-0.0023,-0.0016,-0.0044,-0.0058,0.0033,-0.0043,-0.0047,-0.0089,-0.0047,0.0014,-0.0112,0.0051,-0.0099,-0.0061,0.0029,0.0014,-0.0058,-0.0053,-0.001,-0.0131,-0.0026,-0.0033,-0.0159,-0.0052,-0.0114,-0.0083,-0.0057,-0.0094,-0.016,-0.0182,0.0043,-0.0158,0.0036,-0.0046,0.0028,0.0003,-0.0046,-0.0142,-0.0174,-0.0154,-0.0095,-0.0029,0.0019,-0.005,-0.0119,-0.0062,-0.0084,0.0026,-0.0046,0.0016,-0.0007,0.0051,-0.0009,0.0047,-0.0014,-0.0043
Bacteroidota,-0.0139,-0.0028,-0.0044,0.002,-0.0136,-0.0049,1.0,0.0027,-0.0027,-0.0037,-0.01,-0.0046,-0.0046,-0.0093,-0.0066,0.0037,-0.0002,0.0015,-0.0084,-0.0145,-0.0121,-0.0114,0.004,0.0093,-0.0179,-0.0139,-0.0083,-0.007,-0.0036,-0.008,-0.0071,-0.006,-0.0061,-0.0138,0.0037,0.0022,-0.0037,-0.0089,0.0062,-0.0021,0.001,-0.0147,-0.016,-0.0045,0.0038,-0.0128,-0.0046,-0.0159,-0.0037,0.0075,-0.0139,-0.0042,-0.0028,-0.0009,-0.0116,0.0047,-0.0044,-0.0085,-0.0223,-0.0013,-0.0086,-0.0106,-0.0056,0.0021,0.005,-0.0047,-0.0043,-0.0147,-0.0138,0.003,-0.0021,-0.0245,-0.0056,-0.0028,-0.0022,-0.0085,-0.0059,-0.0149,-0.0074,-0.0133,-0.0104,0.0007,0.0024,-0.0092,-0.0034,-0.0026,-0.0088,-0.0024,0.0017,-0.008,0.0019,-0.0134,-0.0091,-0.0049,-0.0149,-0.0002,-0.0099,-0.0054,-0.0043,-0.0042,-0.0052,0.001,-0.0077,-0.0104,-0.0064,-0.0108,-0.0035,-0.0282,-0.0087,-0.0143,-0.0041,-0.0057,-0.0127,-0.0062,-0.0003,-0.0115,-0.0135,-0.0139
Balneolota,0.0039,0.0025,-0.0154,-0.0009,-0.01,-0.0089,0.0027,1.0,-0.0044,-0.0034,-0.0065,-0.0058,-0.0066,-0.002,0.0011,-0.0088,-0.0029,-0.0084,-0.0151,-0.0085,-0.0054,-0.0028,0.0001,-0.012,-0.0079,-0.0114,-0.0177,-0.004,-0.0039,-0.0027,-0.0079,0.0039,-0.01,-0.0041,0.0075,-0.0073,-0.013,-0.0049,-0.01,-0.0068,-0.0102,-0.0048,-0.0063,-0.0008,-0.0085,-0.0104,-0.0038,-0.0123,-0.0033,-0.015,0.0002,0.005,-0.023,-0.0074,-0.0181,-0.01,0.0021,0.0014,-0.0039,-0.0023,-0.0008,-0.0046,0.0057,-0.0136,-0.0189,-0.0031,-0.0112,-0.0083,-0.0039,-0.0061,-0.0033,0.0024,-0.0119,-0.002,-0.0073,0.0076,-0.0089,-0.0103,-0.0004,-0.0093,-0.0075,-0.0076,-0.0096,-0.0036,-0.0062,0.0002,0.0116,-0.0005,-0.0203,-0.0057,-0.0125,-0.0239,-0.0213,-0.0139,-0.0046,-0.0019,-0.0046,-0.0049,-0.0084,-0.0065,-0.01,-0.0068,-0.0108,-0.0069,-0.0076,-0.0008,-0.0121,-0.0085,-0.001,-0.0087,-0.0095,-0.0104,0.002,-0.0034,-0.008,-0.0088,-0.0128,0.0085
Bdellovibrionota,-0.0074,0.0055,-0.0186,-0.0109,-0.0082,0.0004,-0.0027,-0.0044,1.0,0.0004,-0.0078,-0.0167,-0.0154,0.0055,-0.0006,-0.013,-0.0036,-0.0034,-0.0057,-0.0103,-0.0132,-0.0063,-0.0097,-0.0055,-0.0102,-0.0035,0.0056,-0.0129,-0.0016,-0.0046,0.006,-0.0107,-0.0177,-0.0007,-0.0027,0.0001,-0.0088,-0.0053,-0.0133,0.003,-0.0098,0.003,-0.001,-0.009,-0.0078,-0.0033,-0.0075,-0.0089,-0.016,0.0001,-0.0104,-0.0036,-0.0083,-0.0043,-0.0041,-0.0055,-0.0131,-0.0119,-0.0118,-0.0074,-0.011,-0.0161,-0.0062,-0.0103,-0.009,-0.016,-0.0045,-0.0049,-0.0066,-0.0175,-0.0047,-0.0155,-0.0037,-0.005,-0.0036,0.0003,-0.007,-0.0107,-0.0175,-0.0076,0.0024,-0.0059,-0.0001,-0.0049,-0.0071,-0.0011,-0.0036,-0.0101,-0.0144,0.005,-0.0161,-0.0045,-0.0147,-0.0157,-0.0119,-0.0129,-0.0026,-0.0079,-0.009,-0.0069,-0.0026,-0.0028,-0.0062,-0.0098,-0.0044,-0.0074,0.0025,-0.0025,-0.0021,0.0046,-0.0067,-0.0088,-0.0129,-0.012,-0.003,-0.013,0.0019,-0.0104
Calditrichota,-0.0063,-0.0012,-0.0058,-0.0048,-0.0068,-0.0096,-0.0037,-0.0034,0.0004,1.0,-0.0224,-0.0138,0.0013,-0.0069,-0.0099,-0.0134,-0.0059,-0.0001,-0.008,-0.0244,0.0015,-0.0026,0.0008,-0.0063,-0.0032,0.0008,-0.008,-0.0043,-0.0214,-0.0128,-0.0108,0.0007,-0.0059,-0.0093,-0.0205,-0.0108,-0.0123,-0.0041,-0.0093,-0.0014,-0.007,-0.0024,-0.0127,0.0084,-0.0091,-0.006,-0.0078,-0.0016,0.0036,0.005,-0.0086,-0.0016,-0.0033,-0.0036,-0.0093,0.0004,-0.0027,-0.0145,-0.0107,-0.0029,0.0088,-0.0153,-0.0147,-0.0085,-0.0171,-0.0087,-0.0066,-0.0147,-0.0019,-0.0033,-0.0041,-0.0068,-0.0159,-0.0033,-0.0045,-0.0056,-0.012,-0.0117,-0.0121,0.0025,-0.0024,0.0075,-0.0145,0.0006,-0.001,0.0072,0.0029,-0.0061,-0.0104,-0.0112,0.0013,0.0106,-0.0113,-0.0096,-0.0069,-0.0159,-0.0004,-0.0145,-0.0049,-0.0029,-0.0055,-0.0112,-0.0097,-0.0034,-0.003,-0.0089,-0.0111,-0.0056,-0.008,-0.0072,-0.0,-0.0097,-0.003,0.0008,-0.0093,-0.0017,-0.0056,0.0022
Campylobacterota,0.0119,-0.0023,-0.0018,-0.0141,-0.0166,-0.0093,-0.01,-0.0065,-0.0078,-0.0224,1.0,-0.009,-0.0084,-0.0128,-0.0171,0.0011,-0.0134,-0.0123,-0.0044,0.0014,-0.0071,-0.0034,-0.0097,0.0078,-0.0249,0.0073,-0.0132,-0.0034,-0.0104,-0.0096,0.0065,-0.0086,-0.0152,-0.0073,-0.0064,0.0,-0.0153,-0.008,-0.0016,-0.0044,0.0017,-0.0195,-0.016,-0.0058,-0.0157,0.0049,-0.0086,-0.0077,-0.0099,-0.0022,0.001,-0.0122,-0.0033,-0.011,-0.0144,-0.0064,-0.0164,-0.021,-0.0093,-0.0052,-0.006,-0.0119,-0.0158,-0.0013,-0.0066,-0.0108,-0.0087,-0.0014,0.0021,-0.0129,-0.0078,-0.0069,-0.0243,-0.0093,-0.0048,-0.0129,-0.0097,-0.016,-0.0038,-0.0012,-0.0024,0.0046,-0.0079,-0.0035,0.0075,0.0018,-0.0047,-0.001,-0.0044,-0.0074,-0.0119,-0.0003,-0.0047,0.001,-0.0054,0.002,-0.0025,-0.003,-0.015,-0.0081,-0.0045,-0.0006,-0.0041,-0.0093,0.0005,-0.0039,-0.0021,-0.0074,-0.0047,-0.006,0.001,0.009,0.0036,-0.013,0.0039,-0.0152,-0.0019,-0.0105
Candidatus Adlerbacteria,-0.0026,-0.0033,0.0005,-0.0095,-0.0079,-0.0046,-0.0046,-0.0058,-0.0167,-0.0138,-0.009,1.0,-0.0057,-0.0167,-0.0089,-0.0101,0.0004,-0.0069,-0.0047,-0.0044,-0.0068,-0.0066,0.0036,0.004,-0.0172,0.0051,-0.0021,-0.0188,-0.0098,-0.0035,-0.0077,-0.0062,0.0064,-0.0056,-0.0017,-0.0073,-0.0173,-0.0037,0.0046,-0.0069,-0.0086,-0.0002,-0.0158,-0.0166,0.0033,-0.0127,-0.0017,0.002,-0.0024,-0.0043,-0.0041,-0.0001,-0.0148,-0.0141,-0.0077,-0.0167,-0.0099,-0.0095,0.0039,-0.0037,-0.0042,-0.0117,-0.0125,0.0044,-0.0078,0.0128,0.0027,-0.0134,-0.0013,-0.006,0.0021,0.0047,-0.0036,-0.0041,-0.007,-0.0081,-0.0059,-0.0037,-0.0055,0.0035,-0.0124,-0.0116,-0.0035,-0.0122,-0.0031,-0.0033,-0.0133,0.0056,-0.0131,-0.0068,-0.0062,-0.0048,-0.0075,-0.0014,-0.0146,-0.0046,-0.0039,-0.0008,-0.0147,-0.0045,0.0048,-0.0052,-0.0035,-0.0086,-0.0231,-0.0092,-0.0115,-0.003,-0.0154,-0.0085,-0.0023,0.001,-0.0093,-0.0183,-0.0065,-0.017,0.0059,-0.004
Candidatus Aenigmarchaeota,-0.0115,-0.0075,-0.0156,-0.0052,-0.0108,-0.0155,-0.0046,-0.0066,-0.0154,0.0013,-0.0084,-0.0057,1.0,-0.0049,-0.0101,-0.0157,-0.0173,-0.0037,-0.0031,0.005,-0.0064,-0.0096,-0.0136,-0.0102,-0.0116,0.0019,-0.0139,0.0005,-0.0091,-0.0117,-0.0159,-0.0049,-0.0115,-0.0057,-0.0009,-0.009,0.0028,-0.0056,0.0046,-0.0045,-0.0043,-0.0022,-0.0094,0.0002,-0.0002,-0.002,0.0008,-0.0095,-0.0028,-0.0027,0.0088,-0.0035,0.002,-0.0104,-0.0149,0.0035,-0.0019,-0.0066,0.0001,0.0031,0.0052,0.0015,-0.0159,-0.0038,-0.0034,-0.009,-0.0036,0.0005,-0.0052,-0.0089,-0.0001,-0.0036,-0.0073,-0.0007,-0.0107,-0.0038,-0.0113,-0.0073,-0.0036,0.002,-0.0057,-0.0137,-0.0073,-0.0062,-0.0085,-0.0077,0.0061,-0.0053,-0.0142,-0.0003,-0.0126,-0.0054,-0.0021,-0.0068,-0.0001,-0.0032,-0.0064,-0.0101,0.0024,-0.0046,0.0057,-0.0085,-0.0043,-0.008,0.0002,0.0021,-0.0051,0.0079,-0.0012,-0.0111,-0.0121,-0.0046,0.001,-0.0133,-0.0012,-0.0057,-0.0094,0.0006
Candidatus Amesbacteria,-0.0009,-0.0048,0.0028,-0.0036,-0.0071,0.0008,-0.0093,-0.002,0.0055,-0.0069,-0.0128,-0.0167,-0.0049,1.0,-0.0114,-0.0038,-0.0101,-0.022,-0.0103,-0.0066,-0.006,-0.0127,0.0009,-0.0052,-0.0196,-0.0129,-0.012,-0.0094,0.0035,-0.014,-0.0042,-0.0289,0.0047,0.0091,-0.0053,-0.0008,0.004,-0.0125,-0.0065,-0.0116,-0.007,-0.0135,-0.0094,-0.0074,0.0016,-0.0061,-0.0108,-0.0038,-0.0058,-0.0075,0.0102,-0.0048,-0.009,0.0007,-0.0024,0.0029,-0.0179,0.0023,-0.0002,-0.0138,0.0027,-0.0016,-0.0088,-0.0091,-0.0087,-0.018,0.0043,-0.0084,-0.0021,-0.0174,-0.0139,-0.0064,-0.0153,-0.0061,-0.0076,0.0017,-0.005,-0.0129,-0.0025,0.0001,-0.0077,-0.0074,-0.0166,-0.008,-0.0111,-0.007,-0.0059,-0.0089,0.0044,-0.0057,-0.0026,-0.0166,-0.0062,-0.0048,-0.0091,-0.0056,-0.006,-0.0014,0.0031,-0.0008,-0.0108,-0.0046,0.0101,-0.005,-0.0027,-0.004,-0.009,-0.0032,-0.0039,-0.0072,-0.0061,0.0007,0.0002,-0.0011,-0.0081,-0.0102,-0.0001,-0.0077
Candidatus Aminicenantes,0.0101,-0.0109,-0.0016,-0.0094,-0.0051,-0.0081,-0.0066,0.0011,-0.0006,-0.0099,-0.0171,-0.0089,-0.0101,-0.0114,1.0,-0.007,-0.0155,-0.002,-0.014,-0.0096,-0.0051,-0.0014,-0.0118,-0.008,-0.0035,-0.005,0.002,-0.0077,-0.0159,-0.0054,-0.0094,-0.0133,-0.0005,-0.0076,-0.0168,-0.0028,0.0011,-0.0055,-0.0115,0.005,-0.0096,-0.0138,-0.0061,0.0012,-0.0122,-0.0204,-0.0043,-0.0113,-0.0116,-0.0023,-0.0077,0.0036,0.0026,-0.0128,0.0024,0.0,-0.0269,0.0007,-0.0096,-0.007,-0.0115,-0.0111,-0.0045,-0.0043,0.0012,0.0073,-0.0068,-0.0166,-0.0048,0.0051,-0.006,-0.0002,-0.0041,-0.0111,-0.0097,-0.0013,-0.0123,-0.0101,-0.0052,-0.0098,-0.0091,0.0065,-0.0086,-0.0153,-0.0059,0.0028,-0.0125,-0.0143,-0.0055,-0.0018,-0.0023,-0.0088,-0.0103,0.0028,-0.0096,-0.0142,-0.013,0.0007,-0.0072,-0.0008,-0.0075,0.0044,0.0012,-0.0015,-0.0079,-0.0048,-0.005,-0.0025,-0.0008,-0.0056,0.011,-0.0095,-0.0061,-0.0082,-0.005,-0.0047,-0.0078,-0.0036
Candidatus Azambacteria,-0.0054,-0.0079,-0.0068,-0.006,-0.0067,-0.0105,0.0037,-0.0088,-0.013,-0.0134,0.0011,-0.0101,-0.0157,-0.0038,-0.007,1.0,-0.0063,-0.0165,-0.0002,-0.0042,-0.0047,-0.0203,0.0023,-0.0039,-0.0069,-0.0106,-0.0083,-0.0056,-0.0048,-0.0034,-0.0208,0.0065,-0.0092,-0.0173,-0.0062,-0.0199,-0.004,-0.0035,0.0047,-0.0043,-0.0022,-0.0053,0.002,-0.0036,0.001,-0.0083,-0.001,-0.0005,-0.0049,-0.0118,-0.007,-0.0048,-0.0035,-0.0011,0.0011,-0.004,-0.006,-0.0165,-0.0144,-0.0147,-0.0142,-0.004,-0.0102,0.0083,0.0007,-0.002,-0.0151,-0.0041,-0.0037,0.0033,-0.0027,-0.0089,-0.0012,-0.003,-0.0067,-0.0027,0.0023,-0.009,-0.0121,-0.0115,-0.0067,0.0022,-0.0167,-0.0007,-0.0066,0.0019,-0.0114,-0.016,0.0012,-0.0062,0.0045,-0.0052,-0.0,-0.0089,-0.0067,-0.0075,-0.0034,-0.0091,-0.0019,-0.0018,-0.0046,0.0039,-0.0171,0.0055,-0.0026,-0.0132,-0.0029,-0.0018,-0.0111,-0.0078,-0.0046,-0.0142,0.0071,-0.0013,-0.0066,-0.0047,-0.0051,-0.009
Candidatus Bathyarchaeota,-0.0113,-0.0125,-0.008,-0.0053,-0.0013,0.0006,-0.0002,-0.0029,-0.0036,-0.0059,-0.0134,0.0004,-0.0173,-0.0101,-0.0155,-0.0063,1.0,0.0096,-0.0066,-0.0098,-0.0022,-0.0024,-0.0135,-0.0071,0.0031,-0.0012,-0.0047,-0.0063,-0.0084,-0.005,-0.0139,-0.0062,-0.0042,0.0001,0.0037,0.0033,-0.0115,-0.002,0.0027,-0.0045,-0.0023,-0.0105,-0.0105,-0.0036,-0.0079,-0.0137,-0.0111,-0.0054,-0.0033,0.0022,-0.0113,-0.0123,-0.0126,-0.0027,-0.0075,-0.0083,0.0,-0.0137,-0.0116,-0.0073,-0.007,-0.0088,-0.0087,-0.0027,-0.0125,0.0033,-0.0159,-0.0167,-0.0145,-0.0128,-0.0086,0.0023,-0.0043,-0.0047,-0.0052,-0.0026,-0.0084,0.0008,-0.0039,0.0083,0.0001,0.006,-0.0129,-0.0036,-0.0037,-0.0126,0.0032,-0.0007,0.0058,0.001,0.0002,-0.0086,-0.0084,-0.0183,-0.0165,0.0099,-0.0096,-0.0062,-0.0037,0.0019,-0.0075,-0.0117,0.0097,-0.0114,-0.0204,-0.0054,-0.0071,-0.0115,-0.0044,-0.0101,-0.002,-0.0033,-0.006,-0.0095,0.0,-0.0092,-0.0011,-0.0096
Candidatus Beckwithbacteria,-0.0014,-0.0081,-0.0035,-0.0023,-0.0065,-0.0138,0.0015,-0.0084,-0.0034,-0.0001,-0.0123,-0.0069,-0.0037,-0.022,-0.002,-0.0165,0.0096,1.0,-0.0041,-0.0208,-0.0102,-0.0037,-0.0038,-0.0174,-0.0102,-0.0057,-0.0116,0.0019,-0.0238,-0.0128,-0.0082,0.0027,-0.0028,-0.0188,-0.0155,-0.0061,-0.0062,-0.008,0.0032,0.0006,-0.0046,-0.0067,-0.0003,0.0009,-0.0088,-0.0071,-0.0086,-0.0004,-0.0088,-0.0084,-0.0125,-0.0158,-0.0069,-0.0161,-0.0069,-0.0057,-0.0024,-0.0126,0.0021,0.0008,-0.0133,-0.0028,-0.0048,-0.0065,-0.0026,-0.0171,-0.0067,-0.0059,0.0057,-0.0059,0.0055,-0.0048,-0.0058,-0.0111,-0.0187,-0.0018,0.0023,-0.0112,-0.0082,-0.0032,-0.0014,-0.0024,-0.0084,0.0032,-0.0071,-0.0007,-0.012,0.0011,-0.01,0.002,-0.0073,-0.0038,-0.0101,-0.0019,-0.0085,-0.0051,-0.004,-0.0046,-0.0047,0.0029,-0.0065,-0.0085,-0.0034,-0.0156,-0.0062,-0.0093,-0.0045,-0.0088,-0.0004,-0.0062,-0.0109,0.0014,-0.0055,-0.0155,-0.0124,-0.0026,-0.0044,-0.0077
Candidatus Berkelbacteria,-0.0025,-0.0035,-0.0064,-0.0114,-0.0119,-0.0077,-0.0084,-0.0151,-0.0057,-0.008,-0.0044,-0.0047,-0.0031,-0.0103,-0.014,-0.0002,-0.0066,-0.0041,1.0,-0.0047,-0.0059,-0.012,-0.0038,-0.0042,0.0062,-0.0009,-0.0077,-0.0007,-0.0075,-0.0143,-0.0112,-0.0011,-0.0007,-0.014,-0.0113,-0.013,-0.0036,-0.0025,-0.0136,-0.0107,-0.0187,-0.0029,-0.0123,0.0084,-0.0035,0.0091,-0.0041,-0.0024,-0.0092,0.001,-0.0091,0.0,-0.0121,-0.0001,0.0051,-0.0061,-0.0049,-0.005,-0.0155,-0.0035,0.0013,0.0009,-0.0144,-0.001,-0.0013,-0.0049,-0.0067,0.0034,-0.0064,0.0138,-0.008,-0.0041,0.0017,0.0021,0.0035,-0.0039,-0.0078,-0.0059,-0.008,-0.0118,-0.0087,-0.0075,-0.003,-0.0026,-0.0028,-0.018,-0.0104,-0.0055,-0.0091,-0.0013,-0.0058,0.003,-0.0033,-0.0086,-0.0089,-0.0114,-0.013,0.002,-0.0136,0.002,-0.0065,-0.004,-0.0014,-0.0065,-0.0063,-0.0083,-0.005,-0.0098,-0.0059,0.0004,-0.0109,-0.0072,-0.0106,0.0038,-0.0061,-0.0094,-0.0128,-0.018
Candidatus Bipolaricaulota,-0.0138,-0.012,-0.0111,-0.0018,-0.005,-0.0151,-0.0145,-0.0085,-0.0103,-0.0244,0.0014,-0.0044,0.005,-0.0066,-0.0096,-0.0042,-0.0098,-0.0208,-0.0047,1.0,-0.0108,-0.0048,0.007,0.0037,-0.0037,-0.0078,0.0004,-0.01,-0.0161,-0.0131,-0.0125,-0.0109,0.0026,-0.0026,-0.008,-0.0121,-0.0094,-0.0042,-0.0057,-0.0078,-0.0107,-0.0082,-0.0127,-0.0211,-0.0069,-0.0133,-0.0065,-0.0069,0.0089,0.0001,0.0083,-0.0075,-0.0022,0.0056,-0.0091,-0.0106,-0.0034,-0.0034,-0.0083,0.0041,-0.007,-0.0044,0.0,-0.0018,-0.0106,-0.0149,-0.0008,-0.0026,0.007,-0.0027,-0.0058,-0.005,-0.0067,0.0106,-0.0066,-0.0038,-0.008,-0.0018,-0.0003,-0.0043,-0.0173,-0.0094,-0.0049,0.0049,-0.0036,-0.0023,-0.0083,-0.0004,-0.004,-0.0081,-0.0048,0.0026,0.0008,-0.0038,0.0006,-0.0077,-0.002,-0.0186,-0.0077,-0.0105,-0.0053,-0.0098,-0.0026,-0.002,-0.0102,-0.0111,-0.0079,-0.0097,-0.0087,-0.0008,-0.0042,-0.017,-0.0088,-0.0084,-0.0032,-0.009,-0.0043,-0.0123
Candidatus Blackallbacteria,0.0042,-0.0057,-0.0051,-0.0032,-0.0067,-0.0097,-0.0121,-0.0054,-0.0132,0.0015,-0.0071,-0.0068,-0.0064,-0.006,-0.0051,-0.0047,-0.0022,-0.0102,-0.0059,-0.0108,1.0,-0.006,-0.0081,-0.0223,-0.0133,-0.01,-0.0046,-0.001,0.0013,-0.0075,-0.0082,0.0017,-0.0101,-0.0023,-0.0097,0.0022,-0.0093,-0.0057,0.0014,-0.0059,-0.0025,-0.0,-0.012,-0.0105,0.0002,-0.0025,-0.0112,-0.017,0.001,-0.0107,-0.0012,-0.0147,-0.0106,-0.0112,-0.0031,-0.009,-0.0091,-0.0028,-0.0028,-0.0129,-0.0021,-0.0099,-0.0008,0.0003,-0.0006,-0.0066,-0.01,-0.0071,-0.0065,0.0013,-0.0162,-0.0038,-0.0028,-0.0071,-0.0026,-0.0056,-0.0142,-0.008,-0.0035,-0.0084,-0.0032,-0.004,-0.0053,-0.0031,-0.001,-0.0045,-0.0055,0.0062,-0.0044,-0.0047,-0.0049,-0.0062,-0.002,-0.0068,0.0002,0.0014,-0.0094,0.0026,-0.0129,-0.0042,-0.0165,-0.0052,-0.0054,-0.012,-0.0049,-0.0153,-0.0022,-0.0177,0.0002,-0.0014,-0.0046,0.0032,-0.0035,-0.0126,-0.0035,-0.0083,-0.0031,-0.0117
Candidatus Buchananbacteria,-0.003,-0.0002,-0.0016,-0.0085,-0.0125,-0.0029,-0.0114,-0.0028,-0.0063,-0.0026,-0.0034,-0.0066,-0.0096,-0.0127,-0.0014,-0.0203,-0.0024,-0.0037,-0.012,-0.0048,-0.006,1.0,-0.0105,0.0084,0.0014,-0.0152,-0.0008,-0.0024,-0.0045,-0.0073,-0.0084,-0.0113,-0.0017,-0.0004,0.0024,-0.0092,-0.0088,0.0022,-0.0067,-0.0176,-0.0134,-0.0173,-0.0024,-0.0029,-0.0089,0.0059,0.0024,-0.0195,0.0004,-0.0009,-0.005,-0.0014,-0.0149,-0.0021,-0.0073,-0.0003,-0.0055,0.0014,-0.0104,-0.006,-0.0074,-0.0081,-0.0063,-0.0181,-0.0187,-0.0042,-0.0123,-0.0006,-0.0091,0.0017,-0.0078,-0.0144,-0.0063,0.0029,-0.014,-0.0037,-0.0038,-0.0157,-0.0109,0.0081,-0.0007,-0.0066,-0.0115,-0.0011,-0.0208,-0.0033,-0.0068,-0.008,-0.0046,-0.0052,-0.0019,-0.0069,-0.0075,-0.0175,-0.0115,-0.0078,-0.0092,0.001,-0.006,-0.0036,-0.0032,-0.0104,-0.0108,0.0058,-0.003,0.0017,-0.0084,-0.0009,-0.0028,0.0076,-0.0114,-0.0103,-0.0079,0.0033,-0.0122,-0.0032,-0.0144,0.0028
Candidatus Campbellbacteria,-0.0072,-0.0114,-0.0058,-0.0049,-0.0188,-0.0161,0.004,0.0001,-0.0097,0.0008,-0.0097,0.0036,-0.0136,0.0009,-0.0118,0.0023,-0.0135,-0.0038,-0.0038,0.007,-0.0081,-0.0105,1.0,-0.0138,-0.0034,0.0004,-0.0078,-0.0056,-0.0095,-0.0054,-0.0011,-0.0039,-0.0047,-0.005,-0.0168,-0.0074,-0.0067,-0.0012,-0.0043,-0.0077,-0.0163,-0.0131,-0.0103,-0.0046,-0.0092,0.003,-0.0125,-0.0031,0.0003,-0.0008,-0.004,0.0031,-0.0027,-0.0005,-0.0033,-0.0077,-0.0035,-0.0066,-0.0045,0.0006,-0.0057,-0.0011,-0.0084,-0.0062,-0.0162,-0.0159,-0.0173,-0.0149,-0.0036,-0.0117,-0.0055,-0.0046,-0.012,-0.0149,-0.0004,-0.0141,-0.0031,-0.0084,-0.016,-0.004,-0.009,-0.0079,-0.0037,0.0001,-0.0058,0.004,-0.0101,0.005,0.0006,-0.0124,0.0044,0.0006,-0.0054,-0.0124,-0.01,-0.0166,-0.0,-0.0033,-0.0174,-0.0079,-0.0039,-0.0,-0.0046,-0.0042,-0.0118,-0.0023,-0.0101,0.0037,-0.014,0.0025,-0.0047,-0.007,-0.0058,-0.0081,-0.0021,-0.0035,-0.0105,-0.0077
Candidatus Coatesbacteria,-0.0115,-0.0081,-0.0027,-0.018,-0.0079,-0.0039,0.0093,-0.012,-0.0055,-0.0063,0.0078,0.004,-0.0102,-0.0052,-0.008,-0.0039,-0.0071,-0.0174,-0.0042,0.0037,-0.0223,0.0084,-0.0138,1.0,-0.016,-0.0074,0.0062,-0.0018,-0.0074,0.0034,-0.0054,-0.0058,-0.0055,-0.0066,-0.0036,-0.0067,-0.0027,-0.0099,-0.0041,0.0028,-0.0029,-0.0127,-0.0094,-0.0019,0.0001,0.0023,-0.0029,-0.0019,-0.0034,-0.0013,-0.0093,0.0034,-0.0041,-0.0068,-0.0026,-0.0166,-0.0106,-0.003,0.0013,-0.0015,-0.0019,-0.0051,-0.0046,-0.0123,-0.0004,0.001,-0.0107,-0.0095,-0.0043,-0.0006,-0.0082,-0.003,-0.0025,-0.0101,-0.0056,-0.003,0.0081,-0.0049,-0.0097,0.0056,-0.0076,0.0012,-0.0157,-0.0074,-0.0059,-0.0154,-0.0081,-0.0136,-0.0086,-0.0054,0.0023,-0.0034,-0.0137,-0.0098,0.003,-0.0011,-0.0052,-0.0008,-0.0122,-0.0122,-0.013,-0.0167,-0.0065,-0.0036,-0.0155,-0.0113,-0.0029,-0.0084,-0.0113,-0.0046,-0.0025,-0.0069,-0.0139,-0.0068,-0.0212,-0.0145,-0.0073,-0.0177
Candidatus Curtissbacteria,-0.009,-0.0149,-0.0046,-0.011,-0.0093,-0.0109,-0.0179,-0.0079,-0.0102,-0.0032,-0.0249,-0.0172,-0.0116,-0.0196,-0.0035,-0.0069,0.0031,-0.0102,0.0062,-0.0037,-0.0133,0.0014,-0.0034,-0.016,1.0,-0.0022,-0.0038,0.002,-0.0058,-0.017,-0.0064,0.0038,-0.0066,0.0021,-0.0111,0.0012,-0.0162,0.0022,-0.0058,-0.0092,-0.0006,-0.014,-0.0094,-0.0103,0.002,-0.0043,0.0015,-0.0038,0.0005,-0.0086,0.005,0.0049,-0.011,0.0002,-0.013,-0.0051,-0.0089,-0.0107,-0.0074,-0.0185,-0.0048,-0.0089,-0.0101,-0.0012,0.004,-0.0014,-0.0098,-0.0047,0.0002,-0.0124,-0.003,0.002,-0.001,-0.0038,-0.0094,-0.0015,0.0038,-0.0074,-0.0137,-0.0148,-0.0154,-0.0119,-0.0096,-0.01,-0.0154,-0.0018,-0.0059,0.0092,-0.0084,-0.005,-0.0004,-0.0064,0.0027,-0.0128,-0.0076,-0.0039,-0.0095,-0.0046,-0.0019,-0.0065,0.003,-0.0132,-0.0015,-0.0045,0.0024,-0.0209,-0.0043,0.0079,-0.0064,-0.0083,-0.011,-0.0059,-0.0043,0.0025,0.0018,-0.0162,-0.0047,-0.0063
Candidatus Dadabacteria,-0.0062,-0.0102,0.0037,-0.0092,-0.0015,-0.0068,-0.0139,-0.0114,-0.0035,0.0008,0.0073,0.0051,0.0019,-0.0129,-0.005,-0.0106,-0.0012,-0.0057,-0.0009,-0.0078,-0.01,-0.0152,0.0004,-0.0074,-0.0022,1.0,-0.0061,-0.0127,0.0058,0.0105,-0.0096,-0.0066,-0.0045,0.0008,-0.0057,-0.0052,-0.0024,0.0002,-0.0036,-0.0128,-0.0042,-0.0066,-0.0166,-0.0119,-0.0011,-0.0026,-0.0013,-0.0084,-0.0065,-0.0023,-0.0069,-0.014,0.0033,-0.0125,-0.0089,-0.0102,-0.0122,-0.0036,-0.0059,-0.0166,-0.0094,-0.0168,-0.0102,-0.0115,-0.0047,-0.0076,-0.0146,-0.0038,-0.0083,0.0061,-0.0109,-0.0071,-0.0093,-0.0059,-0.0084,-0.0026,-0.0117,0.0059,-0.0077,-0.0128,-0.0089,-0.0065,-0.0094,0.0002,-0.011,0.0075,-0.0012,-0.0139,-0.0034,-0.0062,-0.0071,-0.0027,-0.0004,-0.0057,-0.0068,-0.0068,-0.0078,-0.0126,-0.0021,-0.005,-0.0016,-0.0097,-0.0031,-0.0028,-0.0108,-0.0057,-0.0133,-0.0153,-0.0024,-0.0004,-0.0089,-0.0002,-0.0053,-0.0089,-0.0148,-0.0055,-0.0045,-0.0063
Candidatus Daviesbacteria,-0.0098,-0.0007,0.0003,-0.006,-0.0079,-0.0064,-0.0083,-0.0177,0.0056,-0.008,-0.0132,-0.0021,-0.0139,-0.012,0.002,-0.0083,-0.0047,-0.0116,-0.0077,0.0004,-0.0046,-0.0008,-0.0078,0.0062,-0.0038,-0.0061,1.0,-0.0216,-0.0103,-0.0007,-0.0053,-0.0108,-0.0047,-0.0008,0.0077,-0.0041,-0.0075,-0.0082,-0.0092,-0.0033,-0.0082,-0.0108,-0.0053,-0.0096,-0.0036,0.0082,-0.0144,-0.0154,0.0018,0.01,-0.0026,-0.0122,-0.0088,-0.0005,-0.0113,-0.0181,-0.0045,-0.0039,0.0146,-0.0118,-0.0062,-0.0005,-0.0107,-0.0073,-0.0087,-0.0006,-0.0041,-0.0044,-0.0041,-0.0194,0.0023,0.0083,-0.0093,-0.0119,-0.0015,-0.0108,0.0114,-0.0134,-0.0012,-0.0036,-0.0072,-0.0085,-0.0025,-0.0123,-0.0036,-0.003,-0.0155,-0.0087,-0.0121,-0.0079,0.0031,-0.0079,-0.0013,-0.0109,0.002,-0.0017,-0.0047,-0.0158,-0.0096,0.0021,-0.0123,-0.0166,-0.0162,-0.0098,-0.0028,-0.0078,0.0055,-0.0011,-0.0073,-0.0255,-0.0062,0.0003,-0.0036,-0.0041,-0.0052,-0.0053,0.0035,0.0001
Candidatus Doudnabacteria,-0.0016,0.0051,0.0009,-0.0122,-0.0146,-0.013,-0.007,-0.004,-0.0129,-0.0043,-0.0034,-0.0188,0.0005,-0.0094,-0.0077,-0.0056,-0.0063,0.0019,-0.0007,-0.01,-0.001,-0.0024,-0.0056,-0.0018,0.002,-0.0127,-0.0216,1.0,-0.0153,0.0033,-0.0111,-0.0089,0.0038,-0.0147,-0.0044,-0.0003,-0.0061,-0.006,-0.0093,-0.007,-0.0069,-0.0047,-0.0153,0.0016,-0.0002,-0.0003,-0.0051,-0.0105,-0.0005,-0.0113,-0.0003,-0.0086,0.0013,-0.0073,-0.0076,-0.0061,-0.0079,-0.0067,-0.0097,-0.0057,-0.0006,-0.0016,-0.0119,-0.0081,-0.0191,-0.005,-0.0095,0.0001,-0.0013,-0.0033,-0.0123,-0.0063,-0.0083,-0.0103,-0.0042,-0.0024,0.0027,0.0056,-0.0105,-0.0029,-0.0157,-0.0103,0.0037,0.0006,-0.0002,-0.0044,-0.0013,-0.0062,-0.0034,-0.0042,-0.0024,-0.0101,-0.0056,-0.0047,-0.0124,-0.005,-0.0041,-0.0182,-0.0015,-0.0075,-0.0064,0.0034,-0.0045,-0.0073,-0.0111,-0.0123,-0.0033,-0.0024,-0.0067,-0.0044,-0.0131,-0.0002,-0.0085,-0.003,-0.0097,-0.0089,-0.0075,-0.0035
Candidatus Edwardsbacteria,-0.0078,-0.0099,-0.0045,-0.0031,-0.0069,-0.0113,-0.0036,-0.0039,-0.0016,-0.0214,-0.0104,-0.0098,-0.0091,0.0035,-0.0159,-0.0048,-0.0084,-0.0238,-0.0075,-0.0161,0.0013,-0.0045,-0.0095,-0.0074,-0.0058,0.0058,-0.0103,-0.0153,1.0,0.0002,-0.0028,-0.0008,-0.007,-0.0069,-0.0092,-0.0039,-0.0032,-0.0073,-0.0115,-0.0051,0.0001,-0.0,-0.0066,-0.0079,-0.0042,-0.0068,-0.007,-0.0093,0.0005,-0.0032,-0.0047,-0.0125,-0.0077,0.0007,-0.0109,-0.0004,0.0006,-0.008,-0.0034,-0.01,-0.01,-0.002,-0.0026,-0.0137,0.0,-0.0018,0.005,-0.0081,-0.0087,-0.0052,-0.0012,-0.0046,-0.0023,0.0001,-0.0053,0.0042,-0.0164,-0.0011,0.0048,-0.0051,-0.011,-0.0257,-0.0047,-0.0081,-0.0121,-0.0099,-0.0082,-0.0189,-0.0044,-0.0064,-0.0088,-0.0098,-0.0041,-0.0159,-0.0079,-0.0114,0.0064,-0.0098,-0.0205,-0.0031,-0.0059,-0.0098,-0.0161,-0.0093,0.004,-0.0038,0.0032,0.0015,-0.0158,-0.0133,-0.0073,-0.0029,0.0012,-0.0038,-0.0076,-0.015,0.0006,-0.0032
Candidatus Eisenbacteria,-0.0139,-0.0009,-0.005,-0.0082,0.0043,-0.0005,-0.008,-0.0027,-0.0046,-0.0128,-0.0096,-0.0035,-0.0117,-0.014,-0.0054,-0.0034,-0.005,-0.0128,-0.0143,-0.0131,-0.0075,-0.0073,-0.0054,0.0034,-0.017,0.0105,-0.0007,0.0033,0.0002,1.0,-0.0017,-0.0117,-0.0067,-0.0106,0.007,-0.0121,-0.0092,0.005,-0.0085,-0.0093,-0.003,-0.0016,-0.0079,-0.0028,-0.0093,-0.009,0.0,-0.0046,-0.0058,0.0033,-0.0019,-0.0048,0.002,-0.0087,0.0044,-0.0119,-0.013,-0.002,-0.0132,-0.0081,-0.0023,0.0002,-0.0092,-0.0049,-0.0113,-0.0086,-0.0112,-0.013,-0.0174,-0.004,-0.0019,-0.005,-0.0127,-0.01,-0.0089,-0.0065,-0.0033,-0.0062,0.0025,-0.0156,-0.0103,-0.0153,-0.0196,0.0031,-0.0019,-0.0026,0.0011,-0.0098,-0.0073,-0.0096,-0.0049,-0.0191,0.008,0.0053,-0.0012,-0.0112,-0.0089,-0.0099,-0.0055,0.0062,-0.009,-0.0049,-0.0021,-0.0124,-0.006,-0.0159,-0.014,-0.0058,-0.0051,-0.0041,-0.0036,0.0007,-0.0062,-0.0117,-0.0212,-0.0056,-0.0027,-0.0087
Candidatus Falkowbacteria,-0.0046,-0.0135,-0.0067,-0.0028,-0.0048,-0.0058,-0.0071,-0.0079,0.006,-0.0108,0.0065,-0.0077,-0.0159,-0.0042,-0.0094,-0.0208,-0.0139,-0.0082,-0.0112,-0.0125,-0.0082,-0.0084,-0.0011,-0.0054,-0.0064,-0.0096,-0.0053,-0.0111,-0.0028,-0.0017,1.0,-0.0086,-0.0133,-0.0229,-0.0139,-0.0108,-0.0079,-0.0043,-0.0037,-0.0065,-0.0204,-0.0019,-0.0063,-0.0151,-0.0072,-0.0093,-0.0145,-0.0204,-0.0092,-0.001,-0.0065,-0.0022,-0.0147,-0.01,-0.0119,-0.0093,-0.0032,-0.0034,-0.0083,0.0052,-0.002,0.0038,0.0008,-0.0004,-0.0038,-0.013,-0.0022,0.008,-0.0009,-0.0069,-0.0052,-0.0101,-0.0122,0.0013,0.002,-0.0023,-0.0037,-0.0062,-0.0136,-0.0059,-0.0107,-0.0035,-0.0143,-0.0035,-0.0099,-0.0054,-0.0118,-0.0027,-0.0054,-0.011,-0.0181,-0.0071,-0.0015,0.0027,-0.0058,-0.0082,-0.0022,-0.0003,-0.0,-0.0077,-0.01,-0.0141,0.0012,0.0034,-0.0048,-0.0004,-0.0018,-0.0045,-0.0022,-0.0099,-0.001,-0.0038,-0.0059,-0.0058,-0.0089,0.0052,-0.0037,-0.0049
Candidatus Firestonebacteria,-0.0151,0.0043,-0.0054,-0.0129,-0.0036,0.0014,-0.006,0.0039,-0.0107,0.0007,-0.0086,-0.0062,-0.0049,-0.0289,-0.0133,0.0065,-0.0062,0.0027,-0.0011,-0.0109,0.0017,-0.0113,-0.0039,-0.0058,0.0038,-0.0066,-0.0108,-0.0089,-0.0008,-0.0117,-0.0086,1.0,-0.0027,-0.0028,-0.013,-0.002,-0.0002,-0.0097,-0.0036,-0.0065,0.0004,-0.005,-0.0015,-0.0057,-0.0122,-0.0004,-0.0031,0.0017,-0.0143,-0.0176,-0.0092,-0.0052,-0.0069,-0.0084,-0.0144,-0.0065,-0.0085,-0.0074,-0.0021,-0.0159,-0.0028,-0.0008,-0.0012,-0.0197,-0.0048,0.0067,-0.0036,-0.0078,-0.0011,-0.0036,-0.0066,-0.0049,-0.0022,0.0063,-0.0077,-0.0057,-0.01,-0.0092,-0.0076,-0.0023,-0.0157,-0.009,-0.0039,-0.0083,-0.0039,-0.0034,-0.0072,-0.01,-0.0002,-0.0096,-0.0015,-0.0044,0.0041,-0.011,-0.0185,-0.0062,-0.0005,-0.0153,-0.0046,-0.0099,-0.0072,-0.0202,-0.0018,-0.0084,-0.0093,-0.0065,-0.0072,-0.0051,-0.0047,-0.0028,-0.0174,-0.0091,-0.007,-0.0106,-0.0002,-0.0159,0.0046,-0.0023
Candidatus Fraserbacteria,0.0087,0.0065,-0.0028,-0.0077,-0.0111,-0.0152,-0.0061,-0.01,-0.0177,-0.0059,-0.0152,0.0064,-0.0115,0.0047,-0.0005,-0.0092,-0.0042,-0.0028,-0.0007,0.0026,-0.0101,-0.0017,-0.0047,-0.0055,-0.0066,-0.0045,-0.0047,0.0038,-0.007,-0.0067,-0.0133,-0.0027,1.0,-0.0086,-0.0048,-0.0056,-0.0086,0.0011,0.002,0.0064,0.0022,-0.0127,-0.0104,-0.007,-0.0103,-0.0138,0.0005,-0.0082,-0.0103,0.0028,-0.0096,-0.0052,-0.0031,-0.0026,-0.0086,0.0059,-0.0019,-0.0103,0.0051,-0.0086,-0.0103,-0.0024,-0.0039,-0.0053,-0.0028,-0.0018,-0.0024,-0.0143,0.0127,-0.0238,-0.0002,-0.0115,-0.0035,-0.0014,-0.009,-0.0062,-0.0072,-0.0025,-0.0052,-0.0155,-0.0042,-0.0047,-0.0069,0.0021,-0.0089,0.0013,-0.0012,-0.0075,-0.014,-0.0035,-0.0123,-0.0021,-0.0106,0.0009,0.0006,0.0025,-0.0173,-0.0086,-0.0155,0.0071,0.0053,-0.0058,-0.0034,-0.0087,-0.0155,-0.0021,-0.0103,-0.0023,-0.001,-0.0044,-0.0088,0.0043,-0.0077,-0.0058,-0.0122,-0.0007,0.0,-0.0061
Candidatus Giovannonibacteria,0.0039,-0.0074,-0.0015,-0.0006,-0.0083,-0.0081,-0.0138,-0.0041,-0.0007,-0.0093,-0.0073,-0.0056,-0.0057,0.0091,-0.0076,-0.0173,0.0001,-0.0188,-0.014,-0.0026,-0.0023,-0.0004,-0.005,-0.0066,0.0021,0.0008,-0.0008,-0.0147,-0.0069,-0.0106,-0.0229,-0.0028,-0.0086,1.0,-0.0045,-0.0043,-0.0018,-0.0073,-0.0087,-0.0081,-0.0081,-0.0034,0.0045,0.0028,0.0054,-0.0019,0.0011,0.0061,-0.0139,-0.0004,-0.01,-0.0038,-0.0027,-0.0068,0.0012,-0.0136,0.003,0.0013,-0.0034,-0.0145,-0.0125,-0.0035,-0.0125,-0.0144,-0.0198,-0.0069,-0.0006,-0.0142,-0.0005,-0.0076,-0.0094,-0.002,-0.009,-0.0074,-0.0097,-0.0188,-0.0064,0.0011,-0.0101,0.0054,-0.0008,-0.0099,-0.0028,-0.0111,0.0025,-0.0144,-0.0026,-0.0028,-0.0083,-0.009,0.0037,-0.0086,0.0034,-0.0068,0.0012,-0.0106,-0.0004,-0.0066,-0.0085,-0.0057,-0.019,-0.0151,-0.0165,-0.0148,0.0058,-0.0096,-0.0044,-0.0006,0.0002,-0.0055,0.0091,-0.004,-0.0067,-0.011,-0.0018,-0.0059,-0.0018,-0.0088
Candidatus Glassbacteria,-0.0008,-0.0121,-0.0084,-0.0171,-0.0089,-0.0115,0.0037,0.0075,-0.0027,-0.0205,-0.0064,-0.0017,-0.0009,-0.0053,-0.0168,-0.0062,0.0037,-0.0155,-0.0113,-0.008,-0.0097,0.0024,-0.0168,-0.0036,-0.0111,-0.0057,0.0077,-0.0044,-0.0092,0.007,-0.0139,-0.013,-0.0048,-0.0045,1.0,-0.0081,-0.0081,-0.0168,-0.0026,0.0033,-0.0039,-0.0027,0.0035,-0.0053,0.0005,-0.0089,-0.0102,-0.002,-0.0024,-0.0064,-0.0032,-0.002,-0.0045,-0.0184,0.0034,-0.0057,-0.0169,-0.0004,-0.016,-0.0037,-0.0101,-0.0031,-0.0087,-0.0067,-0.0078,-0.0038,0.0021,-0.0155,-0.0026,-0.0046,-0.0128,-0.0012,-0.0113,0.0014,-0.0013,-0.0094,-0.0127,-0.0026,-0.0253,-0.0014,-0.0083,-0.0132,-0.0055,-0.0104,0.0091,-0.0117,-0.0094,-0.0044,-0.0032,-0.0028,0.0051,-0.0112,-0.0014,0.0045,-0.0005,-0.0021,-0.0004,0.0021,-0.0107,-0.0151,-0.006,0.0036,-0.0014,-0.0041,-0.0125,-0.0035,0.0021,-0.0017,-0.0113,-0.0093,-0.0059,-0.0066,-0.0079,-0.0001,-0.0054,-0.0097,-0.0022,-0.0063
Candidatus Gottesmanbacteria,-0.0033,0.0032,-0.0132,-0.0078,-0.0186,-0.0015,0.0022,-0.0073,0.0001,-0.0108,0.0,-0.0073,-0.009,-0.0008,-0.0028,-0.0199,0.0033,-0.0061,-0.013,-0.0121,0.0022,-0.0092,-0.0074,-0.0067,0.0012,-0.0052,-0.0041,-0.0003,-0.0039,-0.0121,-0.0108,-0.002,-0.0056,-0.0043,-0.0081,1.0,-0.0044,0.004,-0.006,-0.0007,-0.0067,0.008,0.0063,-0.0079,-0.0194,0.0029,-0.0072,-0.0032,0.0003,-0.0159,-0.0059,-0.009,-0.0033,0.0012,0.0081,0.0047,-0.0177,-0.002,-0.0082,-0.0,-0.0011,-0.0123,-0.0097,-0.0139,-0.0036,-0.0181,-0.0062,-0.0098,-0.0026,-0.0073,-0.0103,-0.0068,-0.0068,-0.0052,-0.0104,-0.0089,-0.0094,-0.0033,-0.0136,0.0066,-0.0127,-0.0149,-0.0126,-0.0118,-0.0121,-0.0038,0.0009,-0.0083,-0.0197,-0.0172,0.003,-0.0032,0.0004,-0.0023,0.0064,-0.0041,-0.0062,-0.0019,-0.0005,-0.0175,-0.0142,-0.0018,-0.0084,-0.0091,-0.0088,-0.0092,-0.0109,-0.0054,-0.0094,-0.0096,-0.0057,-0.0064,-0.0117,0.0003,-0.0084,0.0024,-0.0096,-0.007
Candidatus Gracilibacteria,0.0009,0.0127,-0.0088,-0.0132,-0.0035,0.0043,-0.0037,-0.013,-0.0088,-0.0123,-0.0153,-0.0173,0.0028,0.004,0.0011,-0.004,-0.0115,-0.0062,-0.0036,-0.0094,-0.0093,-0.0088,-0.0067,-0.0027,-0.0162,-0.0024,-0.0075,-0.0061,-0.0032,-0.0092,-0.0079,-0.0002,-0.0086,-0.0018,-0.0081,-0.0044,1.0,-0.0027,-0.0125,-0.0094,-0.0062,0.0013,-0.0157,-0.0008,0.0001,-0.0014,-0.0006,-0.0148,-0.0031,-0.0056,-0.0128,-0.0091,-0.0036,-0.0059,-0.0079,-0.0095,-0.0051,-0.0053,-0.0109,-0.0065,0.001,-0.0002,-0.0026,-0.002,-0.0039,-0.0136,-0.0004,-0.0007,-0.0098,0.0008,-0.006,-0.0062,-0.0079,-0.0047,-0.0026,-0.0115,-0.0121,-0.0065,-0.009,-0.0074,0.0063,-0.0063,-0.006,-0.0012,-0.011,-0.0005,-0.0047,-0.0007,-0.0095,-0.0076,0.0005,0.0098,0.0005,-0.0059,-0.005,-0.0052,-0.0021,-0.0084,-0.0096,-0.0028,-0.0034,-0.0035,-0.0137,0.0062,-0.0085,-0.0115,-0.0084,-0.0139,-0.0078,0.0013,0.0005,-0.014,-0.0039,-0.0008,-0.0028,-0.0096,-0.0072,-0.0142
Candidatus Handelsmanbacteria,-0.0164,-0.0071,-0.0148,-0.0011,0.0067,-0.0038,-0.0089,-0.0049,-0.0053,-0.0041,-0.008,-0.0037,-0.0056,-0.0125,-0.0055,-0.0035,-0.002,-0.008,-0.0025,-0.0042,-0.0057,0.0022,-0.0012,-0.0099,0.0022,0.0002,-0.0082,-0.006,-0.0073,0.005,-0.0043,-0.0097,0.0011,-0.0073,-0.0168,0.004,-0.0027,1.0,-0.01,-0.0019,-0.0091,-0.0075,0.003,-0.0063,-0.0024,-0.0005,-0.0051,0.0011,-0.0066,-0.0108,-0.011,0.0001,-0.0016,-0.0104,-0.0023,-0.0092,0.0,-0.0074,-0.0192,-0.0071,-0.0085,-0.011,-0.0044,-0.0046,0.0058,-0.0035,-0.0104,-0.0157,-0.0068,-0.0116,-0.0167,0.0009,-0.01,0.0028,-0.005,0.003,-0.02,-0.0178,0.0052,0.0038,-0.0057,-0.0178,0.0007,-0.0152,-0.0099,-0.0042,-0.0078,-0.0052,-0.0032,-0.0067,0.0014,-0.0035,-0.0059,-0.0069,0.0012,-0.0154,-0.0074,0.0042,-0.0185,-0.0064,0.003,0.001,0.0029,0.0011,-0.018,-0.0112,0.0002,-0.004,-0.0109,-0.0116,-0.0025,-0.0076,-0.0051,-0.0038,-0.0084,-0.0012,-0.0021,0.0002
Candidatus Harrisonbacteria,-0.0133,-0.0025,-0.0012,0.0023,-0.0011,-0.0035,0.0062,-0.01,-0.0133,-0.0093,-0.0016,0.0046,0.0046,-0.0065,-0.0115,0.0047,0.0027,0.0032,-0.0136,-0.0057,0.0014,-0.0067,-0.0043,-0.0041,-0.0058,-0.0036,-0.0092,-0.0093,-0.0115,-0.0085,-0.0037,-0.0036,0.002,-0.0087,-0.0026,-0.006,-0.0125,-0.01,1.0,-0.0058,0.0014,-0.0019,-0.0141,-0.0149,-0.0109,-0.0003,-0.0091,-0.0022,-0.0087,-0.0062,-0.0042,-0.0107,-0.0173,-0.0049,-0.0117,-0.0067,-0.0064,-0.0105,-0.0212,-0.0009,-0.0063,0.0032,-0.0035,-0.0,-0.0007,-0.0188,-0.0028,-0.0073,0.0065,-0.0077,-0.006,-0.0123,-0.0174,0.0015,-0.0079,-0.0006,-0.0162,-0.0174,-0.0062,-0.0111,-0.0086,-0.0121,-0.0008,-0.0114,-0.003,-0.0067,-0.0008,-0.0131,-0.0042,-0.0091,-0.004,-0.0006,-0.0087,-0.0005,-0.0015,-0.0197,-0.0064,-0.0029,-0.006,-0.0165,-0.0061,-0.0045,-0.0084,-0.0121,-0.0124,-0.0025,-0.0046,-0.0038,-0.0109,-0.0017,-0.011,-0.0032,-0.0042,0.0057,0.0008,0.0013,-0.0077,-0.008
Candidatus Heimdallarchaeota,0.0045,-0.0095,0.0035,-0.0121,-0.0028,-0.0009,-0.0021,-0.0068,0.003,-0.0014,-0.0044,-0.0069,-0.0045,-0.0116,0.005,-0.0043,-0.0045,0.0006,-0.0107,-0.0078,-0.0059,-0.0176,-0.0077,0.0028,-0.0092,-0.0128,-0.0033,-0.007,-0.0051,-0.0093,-0.0065,-0.0065,0.0064,-0.0081,0.0033,-0.0007,-0.0094,-0.0019,-0.0058,1.0,-0.0015,-0.0012,0.0007,-0.0062,-0.0009,-0.0127,0.004,-0.0002,-0.0158,-0.0096,-0.0066,-0.0114,-0.0038,-0.0088,-0.0062,-0.0163,-0.0037,0.0004,0.001,-0.0003,-0.005,-0.0204,-0.0073,-0.009,-0.0061,-0.0076,-0.0117,-0.0159,-0.0146,0.002,-0.0137,-0.0107,-0.0125,-0.0077,-0.0091,-0.0094,-0.0125,-0.0091,-0.012,-0.003,-0.0069,-0.004,-0.0053,0.0031,0.0017,-0.0023,0.0022,-0.0095,-0.0022,-0.002,-0.0077,-0.0068,0.0027,-0.0024,-0.0066,-0.0009,-0.0049,-0.0062,-0.0054,-0.0052,-0.0112,-0.0105,-0.0017,-0.0029,-0.0253,0.0045,-0.0061,-0.0055,-0.0134,-0.0092,-0.0013,-0.0162,-0.009,-0.0068,0.0016,-0.0025,-0.0116,-0.0091
