#OTU ID	Pseudomonadota	Actinomycetota	Chloroflexota	Bacillota	Cyanobacteriota	Candidatus Melainabacteria	Candidatus Margulisbacteria	Deinococcota	Armatimonadota	Mycoplasmatota	Thermomicrobiota	Candidatus Kaiserbacteria	Candidatus Nomurabacteria	Candidatus Yanofskybacteria	Candidatus Azambacteria	Candidatus Falkowbacteria	Candidatus Magasanikbacteria	Candidatus Nealsonbacteria	Candidatus Uhrbacteria	Candidatus Giovannonibacteria	Candidatus Moranbacteria	Candidatus Zambryskibacteria	Candidatus Staskawiczbacteria	Candidatus Wolfebacteria	Candidatus Harrisonbacteria	Candidatus Taylorbacteria	Candidatus Buchananbacteria	Candidatus Portnoybacteria	Candidatus Adlerbacteria	Candidatus Sungbacteria	Candidatus Jorgensenbacteria	Candidatus Liptonbacteria	Candidatus Tagabacteria	Candidatus Ryanbacteria	Candidatus Wildermuthbacteria	Candidatus Komeilibacteria	Candidatus Kuenenbacteria	Candidatus Lloydbacteria	Candidatus Kerfeldbacteria	Candidatus Terrybacteria	Candidatus Yonathbacteria	Candidatus Niyogibacteria	Candidatus Campbellbacteria	Candidatus Colwellbacteria	Candidatus Vogelbacteria	Candidatus Spechtbacteria	Candidatus Andersenbacteria	Candidatus Parcubacteria	Candidatus Veblenbacteria	Candidatus Woesebacteria	Candidatus Gottesmanbacteria	Candidatus Roizmanbacteria	Candidatus Levybacteria	Candidatus Daviesbacteria	Candidatus Curtissbacteria	Candidatus Shapirobacteria	Candidatus Beckwithbacteria	Candidatus Amesbacteria	Candidatus Chisholmbacteria	Candidatus Collierbacteria	Candidatus Woykebacteria	Candidatus Pacebacteria	Candidatus Blackburnbacteria	Candidatus Microgenomates	Candidatus Gracilibacteria	candidate division NC10	Candidatus Rokubacteria	Candidatus Handelsmanbacteria	Candidatus Schekmanbacteria	Candidatus Aminicenantes	Candidatus Glassbacteria	candidate division WWE3	Candidatus Peregrinibacteria	Candidatus Doudnabacteria	Candidatus Berkelbacteria	Candidatus Gribaldobacteria	Candidatus Saccharibacteria	Candidatus Eisenbacteria	Candidatus Desantisbacteria	Candidatus Edwardsbacteria	Candidatus Lindowbacteria	Candidatus Ratteibacteria	Candidatus Dadabacteria	Candidatus Firestonebacteria	Candidatus Raymondbacteria	Candidatus Riflebacteria	Candidatus Wallbacteria	candidate division CPR1	Candidatus Coatesbacteria	Candidatus Bipolaricaulota	Candidatus Blackallbacteria	candidate division CPR2	Candidatus Fraserbacteria	Candidatus Fischerbacteria	candidate division WOR-3	Candidatus Wirthbacteria	Candidatus Abawacabacteria	Candidatus Absconditabacteria	candidate division CPR3	Candidatus Delongbacteria	Candidatus Calescamantes	Planctomycetota	Candidatus Omnitrophica	Verrucomicrobiota	Lentisphaerota	Chlamydiota	Kiritimatiellota	Thermodesulfobacteriota	Nitrospirota	Campylobacterota	Bacteroidota	Ignavibacteriota	Chlorobiota	Balneolota	Gemmatimonadota	candidate division Zixibacteria	Candidatus Marinimicrobia	Candidatus Hydrogenedentes	Fibrobacterota	Candidatus Cloacimonetes	Elusimicrobiota	Acidobacteriota	Myxococcota	Nitrospinota	Candidatus Tectomicrobia	Spirochaetota	Bdellovibrionota	Synergistota	Caldisericota	Fusobacteriota	Thermotogota	Atribacterota	Chrysiogenota	Aquificota	Calditrichota	Deferribacterota	Dictyoglomota	Coprothermobacterota	Nitrososphaerota	Candidatus Bathyarchaeota	Thermoproteota	Euryarchaeota	Candidatus Woesearchaeota	Nanoarchaeota	Candidatus Micrarchaeota	Candidatus Diapherotrites	Candidatus Altiarchaeota	Candidatus Aenigmarchaeota	Candidatus Nanohaloarchaeota	Candidatus Thermoplasmatota	Candidatus Heimdallarchaeota	Candidatus Lokiarchaeota	Candidatus Thorarchaeota
Pseudomonadota	0.9246	-0.0044	-0.0050	-0.0078	-0.0129	0.0047	0.0040	-0.0098	0.0067	-0.0009	-0.0063	0.0098	0.0177	-0.0095	-0.0053	-0.0168	-0.0094	-0.0058	-0.0127	0.0077	-0.0017	-0.0011	-0.0132	0.0081	-0.0195	0.0085	0.0021	-0.0017	-0.0098	-0.0102	-0.0181	0.0075	-0.0125	-0.0023	0.0154	0.0041	0.0035	0.0077	0.0011	-0.0035	-0.0052	0.0011	-0.0105	0.0192	-0.0029	-0.0081	-0.0032	0.0019	-0.0068	-0.0067	-0.0002	-0.0114	-0.0034	0.0059	-0.0026	0.0036	0.0040	0.0061	-0.0064	-0.0115	0.0066	-0.0005	-0.0120	-0.0107	0.0057	-0.0158	0.0127	0.0087	0.0029	0.0050	0.0064	-0.0057	0.0141	-0.0026	-0.0064	-0.0053	-0.0098	-0.0094	-0.0040	0.0004	0.0042	0.0028	0.0018	0.0154	0.0086	0.0029	0.0072	0.0001	0.0075	-0.0003	-0.0022	-0.0090	0.0102	-0.0090	0.0098	-0.0044	-0.0099	-0.0073	-0.0088	-0.0089	-0.0021	-0.0021	-0.0103	-0.0069	-0.0031	-0.0032	-0.0008	-0.0057	-0.0064	0.0023	-0.0144	0.0033	-0.0226	-0.0026	-0.0058	0.0066	0.0082	-0.0043	0.0055	0.0048	0.0043	-0.0037	-0.0034	-0.0139	0.0011	-0.0087	-0.0018	-0.0029	0.0015	-0.0113	-0.0116	0.0002	-0.0172	-0.0120	0.0061	0.0001	-0.0065	-0.0137	-0.0137	-0.0085	-0.0118	-0.0108	-0.0013	-0.0130	0.0054	-0.0006	0.0052	-0.0143	-0.0005	0.0093	-0.0042	-0.0085	0.0070
Actinomycetota	-0.0044	1.3342	0.0034	-0.0208	-0.0062	0.0075	0.0043	0.0060	0.0097	0.0020	0.0004	0.0116	-0.0140	-0.0014	-0.0141	0.0068	-0.0199	0.0087	-0.0032	0.0126	0.0090	-0.0105	-0.0050	0.0054	0.0027	-0.0026	0.0008	-0.0002	-0.0082	-0.0128	-0.0156	-0.0064	0.0039	-0.0080	-0.0139	-0.0051	-0.0134	0.0182	-0.0161	-0.0119	0.0003	-0.0143	0.0090	-0.0002	-0.0237	0.0036	-0.0195	-0.0091	-0.0041	0.0140	0.0058	-0.0056	0.0004	0.0066	-0.0216	-0.0140	0.0062	0.0000	0.0121	-0.0196	0.0002	-0.0102	-0.0079	-0.0164	-0.0226	-0.0042	-0.0114	-0.0023	-0.0235	-0.0129	-0.0088	-0.0056	-0.0085	-0.0093	0.0062	-0.0149	-0.0035	-0.0002	-0.0172	0.0108	-0.0029	0.0034	0.0009	-0.0069	-0.0165	-0.0141	-0.0006	0.0044	0.0064	-0.0185	-0.0084	-0.0200	-0.0039	0.0050	-0.0122	0.0128	-0.0012	-0.0029	-0.0067	-0.0019	-0.0102	-0.0156	-0.0157	-0.0043	-0.0066	-0.0029	-0.0030	-0.0185	0.0156	-0.0056	-0.0204	0.0107	-0.0244	0.0080	-0.0176	-0.0040	0.0092	-0.0197	-0.0223	0.0165	-0.0025	-0.0138	-0.0159	-0.0078	0.0010	-0.0028	0.0044	0.0005	-0.0022	-0.0032	-0.0093	-0.0027	-0.0045	-0.0327	-0.0031	-0.0001	0.0060	0.0070	-0.0083	0.0055	0.0172	-0.0011	-0.0020	-0.0104	-0.0076	-0.0111	0.0125	-0.0199	-0.0204	-0.0177	-0.0047	-0.0116	-0.0058
Chloroflexota	-0.0050	0.0034	1.6016	-0.0013	0.0235	0.0047	-0.0283	-0.0024	-0.0083	-0.0112	-0.0127	-0.0111	-0.0091	-0.0085	0.0082	0.0052	0.0109	-0.0094	-0.0065	0.0008	-0.0048	0.0009	0.0109	-0.0233	-0.0169	-0.0074	-0.0024	-0.0229	-0.0039	-0.0055	-0.0191	0.0025	-0.0057	0.0045	0.0047	-0.0182	0.0051	0.0093	-0.0086	-0.0105	-0.0040	0.0003	-0.0001	0.0199	-0.0095	-0.0182	-0.0066	0.0053	-0.0307	-0.0186	0.0115	-0.0068	0.0027	0.0087	-0.0007	0.0155	0.0152	0.0150	-0.0059	-0.0127	-0.0031	0.0048	-0.0103	0.0099	0.0186	0.0095	0.0006	0.0045	-0.0285	0.0140	0.0103	-0.0073	0.0077	-0.0064	0.0049	-0.0151	0.0073	-0.0015	-0.0118	-0.0066	-0.0105	0.0032	-0.0099	0.0207	-0.0195	-0.0029	-0.0317	0.0029	-0.0157	0.0110	-0.0162	-0.0151	-0.0099	-0.0169	0.0050	0.0242	-0.0050	-0.0130	-0.0168	-0.0034	-0.0083	-0.0018	-0.0129	0.0134	-0.0063	-0.0070	0.0103	-0.0098	-0.0106	0.0102	-0.0050	-0.0068	0.0030	-0.0091	-0.0260	-0.0036	-0.0293	0.0187	-0.0014	-0.0012	-0.0158	0.0020	-0.0015	-0.0020	0.0103	-0.0127	-0.0013	0.0108	-0.0166	-0.0132	-0.0309	0.0088	-0.0203	-0.0093	0.0024	-0.0075	0.0079	-0.0302	0.0064	-0.0179	0.0003	0.0014	0.0140	0.0023	0.0062	-0.0215	-0.0069	0.0149	-0.0108	-0.0074	-0.0016	0.0053	-0.0302
Bacillota	-0.0078	-0.0208	-0.0013	1.5137	-0.0117	0.0041	-0.0209	-0.0007	-0.0001	0.0135	-0.0127	0.0039	0.0111	0.0051	-0.0103	0.0076	-0.0164	-0.0009	-0.0016	-0.0046	-0.0132	-0.0164	-0.0024	0.0105	-0.0111	-0.0238	0.0078	-0.0110	0.0028	0.0052	-0.0000	0.0031	-0.0079	-0.0031	-0.0088	-0.0008	-0.0203	0.0002	-0.0087	-0.0014	-0.0091	-0.0130	0.0101	-0.0060	0.0121	0.0139	0.0046	-0.0037	0.0115	0.0033	0.0082	-0.0141	-0.0062	-0.0129	-0.0229	0.0103	0.0094	-0.0163	-0.0157	-0.0117	-0.0203	-0.0064	-0.0090	0.0021	-0.0334	-0.0053	0.0165	-0.0083	0.0101	-0.0220	-0.0064	-0.0108	0.0026	-0.0072	-0.0044	0.0018	-0.0072	-0.0082	-0.0054	-0.0032	-0.0064	-0.0087	-0.0091	-0.0007	-0.0144	-0.0232	0.0043	-0.0087	0.0125	0.0086	-0.0127	-0.0002	-0.0147	-0.0115	0.0017	-0.0012	-0.0237	0.0125	0.0006	-0.0082	-0.0098	0.0140	0.0009	-0.0006	-0.0002	0.0051	0.0101	-0.0064	-0.0016	-0.0032	-0.0033	-0.0109	0.0031	0.0008	0.0002	-0.0092	0.0047	-0.0084	-0.0115	-0.0074	-0.0056	0.0091	-0.0009	-0.0177	-0.0205	-0.0061	-0.0129	-0.0019	-0.0137	0.0029	0.0032	0.0003	-0.0180	0.0146	0.0042	0.0071	-0.0004	0.0035	-0.0045	-0.0067	-0.0103	0.0002	0.0115	0.0033	-0.0163	-0.0003	-0.0082	0.0169	0.0008	-0.0125	-0.0094	-0.0119	-0.0005
Cyanobacteriota	-0.0129	-0.0062	0.0235	-0.0117	1.5356	0.0006	-0.0050	-0.0126	-0.0047	-0.0079	-0.0143	0.0135	0.0054	-0.0034	-0.0089	0.0065	-0.0005	0.0047	-0.0046	-0.0099	-0.0129	-0.0179	-0.0047	-0.0120	0.0139	-0.0124	-0.0072	-0.0066	0.0025	-0.0146	-0.0015	-0.0113	-0.0008	0.0039	0.0156	-0.0103	-0.0127	-0.0071	-0.0064	-0.0276	-0.0332	-0.0021	-0.0152	-0.0045	-0.0063	-0.0096	0.0076	-0.0218	-0.0023	0.0077	-0.0036	-0.0297	0.0126	0.0227	0.0011	-0.0056	-0.0348	-0.0020	-0.0124	0.0057	-0.0045	-0.0009	0.0042	0.0002	0.0064	0.0017	0.0188	-0.0286	-0.0080	-0.0184	-0.0120	-0.0222	0.0055	-0.0222	-0.0011	-0.0040	-0.0279	0.0010	0.0141	0.0037	0.0038	0.0215	-0.0105	-0.0045	0.0003	-0.0031	-0.0071	0.0094	0.0043	-0.0035	0.0075	-0.0201	0.0074	-0.0042	-0.0045	-0.0195	-0.0182	-0.0084	0.0145	0.0007	0.0071	0.0047	-0.0084	0.0166	-0.0072	-0.0066	-0.0068	-0.0128	-0.0016	-0.0144	-0.0258	-0.0270	-0.0128	0.0014	-0.0181	-0.0107	-0.0253	-0.0162	-0.0060	-0.0090	0.0046	0.0074	0.0045	0.0059	-0.0281	0.0038	0.0045	-0.0059	0.0006	0.0067	-0.0164	-0.0043	-0.0269	-0.0017	-0.0146	0.0103	0.0046	-0.0143	-0.0177	-0.0206	-0.0026	-0.0079	0.0115	0.0031	-0.0016	0.0035	0.0090	0.0071	-0.0109	0.0078	-0.0205	-0.0075	0.0169
Candidatus Melainabacteria	0.0047	0.0075	0.0047	0.0041	0.0006	1.5891	-0.0032	-0.0114	-0.0021	0.0055	0.0004	0.0071	-0.0139	-0.0028	0.0053	0.0006	0.0077	-0.0170	-0.0141	0.0185	-0.0224	0.0052	0.0053	-0.0341	-0.0033	0.0005	0.0033	-0.0041	-0.0048	0.0001	-0.0019	0.0160	-0.0261	-0.0173	0.0140	0.0008	-0.0014	-0.0137	-0.0062	0.0130	-0.0126	-0.0012	-0.0003	-0.0123	-0.0197	-0.0119	-0.0257	-0.0101	-0.0057	0.0105	-0.0099	0.0001	0.0090	-0.0159	-0.0039	0.0073	0.0247	0.0125	-0.0152	-0.0097	-0.0040	-0.0160	0.0051	-0.0057	-0.0014	0.0061	-0.0019	-0.0076	0.0010	-0.0032	-0.0230	0.0071	0.0007	0.0058	0.0061	-0.0237	0.0059	-0.0089	-0.0073	-0.0180	-0.0031	-0.0112	-0.0053	0.0043	-0.0005	0.0140	-0.0040	-0.0061	0.0040	-0.0036	0.0125	-0.0121	-0.0259	-0.0192	-0.0007	-0.0093	0.0086	0.0023	0.0107	-0.0094	-0.0163	-0.0036	-0.0050	-0.0061	0.0071	-0.0171	-0.0004	0.0191	-0.0064	0.0034	-0.0160	-0.0191	-0.0047	0.0066	-0.0144	-0.0059	-0.0121	-0.0354	-0.0105	-0.0243	-0.0135	0.0070	-0.0153	-0.0129	-0.0032	-0.0280	-0.0037	0.0039	-0.0245	-0.0106	-0.0045	0.0103	-0.0033	-0.0105	-0.0061	-0.0187	0.0019	-0.0299	0.0069	0.0042	-0.0197	-0.0064	-0.0017	-0.0058	-0.0019	-0.0022	0.0069	-0.0251	-0.0042	-0.0038	-0.0046	0.0100	-0.0029
Candidatus Margulisbacteria	0.0040	0.0043	-0.0283	-0.0209	-0.0050	-0.0032	1.6041	-0.0079	0.0056	-0.0027	0.0008	-0.0016	0.0091	-0.0120	0.0002	-0.0087	-0.0011	0.0148	-0.0093	-0.0001	0.0150	-0.0003	-0.0122	-0.0123	-0.0087	-0.0023	-0.0103	0.0001	-0.0042	0.0148	-0.0020	0.0074	-0.0042	-0.0133	-0.0146	0.0043	0.0188	-0.0134	0.0108	-0.0118	0.0061	0.0112	-0.0068	0.0055	0.0171	0.0120	0.0146	0.0052	-0.0236	0.0012	-0.0233	-0.0213	-0.0092	-0.0068	0.0072	0.0201	-0.0045	-0.0136	0.0083	-0.0060	0.0073	-0.0006	-0.0121	-0.0021	-0.0137	0.0010	0.0217	0.0026	0.0082	-0.0040	-0.0062	-0.0018	-0.0208	-0.0001	0.0056	0.0033	-0.0035	-0.0198	-0.0124	0.0058	-0.0099	-0.0022	0.0111	-0.0232	-0.0135	-0.0019	-0.0035	0.0078	-0.0107	0.0005	0.0085	-0.0032	-0.0096	0.0024	-0.0011	-0.0085	0.0015	0.0119	-0.0128	0.0046	-0.0033	-0.0022	0.0131	-0.0177	-0.0025	-0.0139	-0.0226	-0.0236	0.0143	-0.0010	-0.0074	-0.0063	0.0068	-0.0032	0.0099	0.0035	-0.0156	-0.0009	0.0048	0.0091	-0.0096	0.0031	-0.0053	-0.0111	-0.0071	0.0008	-0.0119	-0.0104	0.0099	-0.0009	-0.0129	-0.0096	-0.0094	-0.0051	0.0092	-0.0084	-0.0166	-0.0225	-0.0067	0.0068	0.0030	-0.0048	0.0012	-0.0202	0.0067	-0.0029	-0.0111	-0.0244	-0.0171	-0.0236	-0.0130	-0.0105	0.0105
Deinococcota	-0.0098	0.0060	-0.0024	-0.0007	-0.0126	-0.0114	-0.0079	1.6128	-0.0103	0.0102	0.0100	-0.0030	0.0052	0.0136	-0.0091	0.0171	-0.0198	-0.0152	-0.0102	-0.0201	-0.0197	0.0055	-0.0175	-0.0087	-0.0288	-0.0099	-0.0144	-0.0014	-0.0003	0.0199	0.0151	-0.0183	-0.0108	-0.0087	-0.0133	-0.0061	0.0000	0.0025	-0.0048	-0.0008	0.0017	-0.0058	0.0083	-0.0151	-0.0004	-0.0185	0.0041	0.0086	-0.0108	-0.0133	0.0019	0.0010	0.0143	0.0016	-0.0058	-0.0172	0.0129	0.0058	0.0009	-0.0006	0.0078	0.0070	-0.0112	-0.0010	-0.0132	-0.0126	-0.0032	0.0099	-0.0030	0.0028	0.0095	-0.0175	-0.0082	0.0089	-0.0135	0.0004	-0.0050	-0.0051	-0.0113	-0.0029	-0.0154	-0.0089	-0.0287	-0.0053	0.0032	-0.0178	-0.0195	-0.0040	-0.0083	0.0020	-0.0025	-0.0002	-0.0034	-0.0097	-0.0196	-0.0054	0.0193	-0.0053	-0.0114	0.0027	0.0023	0.0156	-0.0053	-0.0126	0.0284	0.0127	-0.0175	0.0140	-0.0048	0.0105	0.0037	0.0089	0.0103	-0.0169	-0.0233	0.0140	-0.0212	-0.0171	0.0032	-0.0194	0.0002	-0.0091	0.0001	-0.0273	0.0176	-0.0093	0.0172	-0.0033	-0.0222	-0.0073	-0.0161	-0.0002	-0.0043	-0.0351	-0.0366	0.0049	-0.0069	0.0021	0.0026	0.0085	-0.0103	-0.0170	-0.0135	-0.0141	0.0128	0.0002	0.0046	0.0119	-0.0169	-0.0162	0.0060	-0.0027	0.0028
Armatimonadota	0.0067	0.0097	-0.0083	-0.0001	-0.0047	-0.0021	0.0056	-0.0103	1.6179	-0.0093	-0.0019	-0.0021	0.0177	-0.0018	0.0053	-0.0109	-0.0118	-0.0105	-0.0078	-0.0125	0.0028	-0.0188	0.0067	-0.0017	-0.0144	-0.0070	-0.0117	-0.0031	0.0052	0.0020	0.0091	0.0123	-0.0173	-0.0118	-0.0026	-0.0028	0.0045	-0.0139	-0.0077	-0.0146	-0.0127	-0.0036	0.0013	-0.0149	-0.0148	-0.0177	-0.0187	-0.0126	0.0153	-0.0128	-0.0060	-0.0084	-0.0144	0.0189	0.0091	-0.0043	-0.0052	-0.0110	-0.0029	0.0018	-0.0244	0.0017	0.0131	0.0056	0.0134	-0.0124	-0.0003	-0.0027	-0.0206	-0.0040	0.0061	-0.0021	-0.0156	0.0014	-0.0105	-0.0108	0.0104	0.0072	-0.0206	-0.0012	-0.0083	0.0088	-0.0019	-0.0152	-0.0022	-0.0157	-0.0057	0.0114	-0.0067	-0.0048	-0.0095	0.0110	-0.0030	-0.0095	-0.0139	-0.0019	-0.0031	-0.0090	-0.0099	-0.0079	-0.0073	0.0069	-0.0189	-0.0162	-0.0118	-0.0259	-0.0081	0.0002	0.0028	-0.0136	-0.0055	-0.0310	-0.0160	-0.0216	0.0017	-0.0043	-0.0108	-0.0227	0.0086	0.0172	0.0015	0.0081	0.0103	0.0005	0.0028	-0.0043	-0.0154	-0.0033	0.0022	-0.0001	-0.0141	-0.0070	0.0074	-0.0078	0.0164	-0.0105	-0.0159	0.0016	-0.0143	-0.0049	-0.0036	0.0100	0.0108	-0.0194	-0.0014	0.0178	-0.0117	0.0076	0.0118	0.0163	0.0003	-0.0077	-0.0112
Mycoplasmatota	-0.0009	0.0020	-0.0112	0.0135	-0.0079	0.0055	-0.0027	0.0102	-0.0093	1.6366	-0.0147	-0.0036	0.0166	-0.0170	-0.0169	0.0104	-0.0306	0.0019	-0.0181	-0.0017	-0.0016	-0.0137	-0.0102	-0.0275	-0.0204	0.0029	0.0100	-0.0115	-0.0069	-0.0048	-0.0134	-0.0199	0.0009	0.0057	-0.0241	-0.0084	0.0030	-0.0225	-0.0077	0.0001	0.0079	-0.0212	0.0085	0.0064	-0.0004	-0.0129	-0.0125	0.0018	-0.0130	0.0061	0.0036	-0.0158	-0.0085	0.0108	-0.0026	-0.0078	0.0115	0.0063	-0.0195	-0.0246	-0.0009	0.0078	-0.0069	-0.0029	-0.0047	-0.0049	0.0156	-0.0004	0.0122	-0.0125	-0.0143	-0.0045	-0.0152	0.0076	0.0044	-0.0105	0.0092	-0.0116	0.0177	-0.0064	0.0213	0.0159	-0.0175	0.0011	-0.0136	0.0135	-0.0054	0.0097	-0.0133	-0.0204	0.0069	-0.0150	-0.0202	-0.0038	0.0126	-0.0005	-0.0261	-0.0014	-0.0021	-0.0105	-0.0180	-0.0016	0.0115	-0.0039	-0.0020	0.0083	-0.0107	0.0036	-0.0082	-0.0073	-0.0176	-0.0022	-0.0069	-0.0081	0.0020	-0.0035	-0.0014	-0.0040	-0.0155	-0.0212	0.0084	-0.0042	-0.0123	0.0034	-0.0017	-0.0039	-0.0034	-0.0041	-0.0209	-0.0130	-0.0121	-0.0036	-0.0033	-0.0139	-0.0018	0.0048	-0.0129	-0.0139	0.0069	0.0134	-0.0138	-0.0065	0.0066	0.0116	-0.0005	-0.0073	-0.0231	0.0002	-0.0015	-0.0096	0.0036	0.0069	0.0043
Thermomicrobiota	-0.0063	0.0004	-0.0127	-0.0127	-0.0143	0.0004	0.0008	0.0100	-0.0019	-0.0147	1.5916	-0.0194	-0.0036	-0.0073	-0.0161	-0.0154	-0.0117	0.0122	-0.0165	0.0156	-0.0101	-0.0005	0.0125	-0.0032	-0.0154	-0.0041	-0.0014	-0.0280	0.0233	-0.0079	-0.0089	-0.0066	0.0175	0.0128	0.0028	-0.0201	0.0138	-0.0144	-0.0187	-0.0276	-0.0144	0.0066	-0.0031	-0.0053	0.0117	-0.0044	-0.0206	-0.0096	-0.0094	-0.0084	0.0173	-0.0223	-0.0190	-0.0077	-0.0151	-0.0041	-0.0034	-0.0054	0.0080	0.0007	-0.0176	-0.0247	-0.0135	0.0069	0.0059	-0.0050	-0.0115	-0.0220	0.0005	-0.0063	0.0083	0.0109	-0.0057	0.0026	0.0038	-0.0036	-0.0231	-0.0122	-0.0111	0.0014	-0.0040	0.0018	-0.0081	-0.0022	-0.0155	-0.0001	-0.0121	0.0071	0.0000	-0.0149	-0.0232	-0.0018	-0.0025	-0.0007	-0.0170	-0.0125	0.0202	0.0074	0.0048	-0.0026	-0.0144	-0.0086	-0.0170	-0.0044	-0.0024	-0.0214	-0.0025	-0.0152	0.0157	0.0018	0.0063	-0.0108	0.0097	-0.0072	-0.0189	-0.0204	-0.0021	-0.0004	-0.0036	0.0025	-0.0020	0.0173	-0.0005	-0.0114	-0.0070	0.0045	-0.0122	-0.0086	0.0008	-0.0090	0.0088	-0.0206	-0.0223	-0.0049	-0.0109	0.0022	-0.0134	-0.0059	-0.0227	0.0024	0.0206	-0.0092	0.0026	-0.0003	-0.0106	-0.0161	-0.0049	-0.0311	-0.0021	-0.0406	0.0062	-0.0074	0.0086
Candidatus Kaiserbacteria	0.0098	0.0116	-0.0111	0.0039	0.0135	0.0071	-0.0016	-0.0030	-0.0021	-0.0036	-0.0194	1.6042	-0.0008	-0.0193	-0.0106	-0.0197	0.0107	0.0004	-0.0146	-0.0065	0.0205	0.0065	-0.0129	0.0028	-0.0046	-0.0008	0.0178	-0.0004	-0.0267	-0.0144	0.0149	-0.0021	0.0119	-0.0187	-0.0313	-0.0089	-0.0110	-0.0000	-0.0251	-0.0096	0.0157	0.0038	0.0110	0.0130	-0.0078	-0.0143	0.0243	-0.0191	-0.0057	-0.0131	-0.0089	-0.0155	-0.0003	-0.0143	-0.0150	-0.0048	-0.0075	-0.0116	0.0044	0.0087	0.0024	-0.0113	-0.0216	-0.0190	-0.0198	-0.0137	0.0055	0.0042	0.0131	0.0139	0.0043	0.0150	-0.0171	-0.0154	0.0208	-0.0200	0.0103	0.0123	-0.0128	-0.0057	-0.0090	0.0019	-0.0084	-0.0110	0.0022	-0.0320	-0.0090	0.0018	-0.0182	-0.0263	-0.0081	-0.0154	-0.0067	-0.0134	-0.0107	-0.0192	-0.0057	0.0001	-0.0061	-0.0096	-0.0135	-0.0265	0.0107	-0.0082	-0.0074	-0.0203	-0.0079	0.0112	0.0006	0.0089	-0.0039	-0.0085	-0.0139	-0.0097	-0.0126	0.0046	-0.0018	-0.0141	0.0065	0.0146	-0.0028	0.0012	-0.0016	0.0196	-0.0067	0.0079	0.0060	-0.0184	-0.0047	-0.0091	0.0056	0.0059	-0.0106	0.0252	0.0006	-0.0054	-0.0175	-0.0128	0.0014	-0.0095	0.0140	0.0077	-0.0121	0.0075	-0.0061	-0.0055	-0.0170	0.0008	-0.0039	-0.0148	-0.0082	-0.0090	-0.0152
Candidatus Nomurabacteria	0.0177	-0.0140	-0.0091	0.0111	0.0054	-0.0139	0.0091	0.0052	0.0177	0.0166	-0.0036	-0.0008	1.5908	-0.0078	-0.0026	-0.0075	-0.0027	-0.0119	-0.0081	-0.0087	0.0001	-0.0070	-0.0278	-0.0021	-0.0082	0.0048	-0.0111	-0.0114	-0.0054	-0.0191	-0.0135	-0.0078	-0.0106	-0.0104	0.0001	-0.0009	-0.0096	0.0050	0.0129	-0.0098	-0.0055	0.0009	0.0032	0.0024	0.0146	0.0032	-0.0017	-0.0053	-0.0029	0.0093	0.0024	-0.0057	0.0107	0.0119	0.0115	-0.0106	0.0112	-0.0097	0.0055	-0.0096	-0.0172	-0.0240	-0.0045	0.0012	-0.0108	0.0163	-0.0022	-0.0064	-0.0142	0.0118	0.0160	0.0044	-0.0015	0.0041	-0.0171	-0.0080	0.0035	-0.0141	-0.0134	-0.0068	-0.0037	-0.0074	-0.0179	-0.0130	0.0020	-0.0081	0.0108	-0.0303	-0.0066	-0.0123	0.0051	-0.0083	-0.0108	-0.0032	-0.0054	0.0056	0.0039	-0.0120	-0.0013	-0.0150	-0.0049	0.0068	0.0076	0.0015	-0.0035	0.0078	-0.0140	-0.0099	-0.0104	-0.0105	0.0098	-0.0014	0.0274	0.0029	-0.0107	0.0155	0.0001	-0.0153	-0.0185	0.0128	-0.0006	-0.0094	-0.0208	-0.0096	0.0007	0.0019	-0.0023	-0.0061	-0.0044	-0.0040	-0.0037	0.0007	-0.0360	-0.0037	-0.0097	-0.0082	0.0003	0.0010	-0.0031	-0.0306	-0.0095	-0.0151	-0.0152	-0.0006	-0.0221	0.0037	-0.0142	0.0072	-0.0038	0.0025	-0.0097	0.0104	-0.0194
Candidatus Yanofskybacteria	-0.0095	-0.0014	-0.0085	0.0051	-0.0034	-0.0028	-0.0120	0.0136	-0.0018	-0.0170	-0.0073	-0.0193	-0.0078	1.5958	-0.0047	-0.0041	0.0016	0.0142	-0.0089	0.0199	0.0105	-0.0025	0.0036	0.0130	0.0020	-0.0101	-0.0058	-0.0047	-0.0215	-0.0136	-0.0133	-0.0076	-0.0042	0.0099	-0.0100	-0.0049	-0.0079	0.0057	-0.0088	-0.0016	0.0000	-0.0025	0.0009	-0.0100	0.0037	-0.0018	-0.0015	0.0030	0.0119	-0.0099	-0.0182	0.0020	-0.0081	-0.0260	-0.0035	-0.0108	-0.0050	-0.0026	-0.0096	-0.0043	-0.0138	-0.0059	0.0123	-0.0209	-0.0151	-0.0000	-0.0202	-0.0169	0.0118	0.0014	-0.0258	-0.0225	0.0034	-0.0133	0.0052	-0.0087	-0.0066	0.0164	-0.0147	0.0150	-0.0081	0.0077	0.0068	-0.0136	0.0030	-0.0058	-0.0136	-0.0009	0.0069	-0.0083	-0.0058	-0.0286	0.0142	0.0163	-0.0138	-0.0123	-0.0052	0.0002	-0.0177	0.0047	0.0065	-0.0064	-0.0070	0.0120	-0.0093	-0.0202	0.0008	-0.0010	0.0058	-0.0165	-0.0003	0.0006	0.0204	-0.0063	0.0039	0.0043	-0.0285	-0.0188	0.0004	-0.0058	-0.0028	-0.0007	-0.0023	-0.0320	-0.0060	0.0082	-0.0207	-0.0119	-0.0091	-0.0146	-0.0164	0.0116	-0.0079	-0.0058	-0.0132	0.0015	-0.0281	-0.0107	-0.0168	-0.0122	0.0145	-0.0138	-0.0145	-0.0102	-0.0102	-0.0070	-0.0051	0.0199	-0.0147	0.0097	0.0142	0.0021	-0.0088
Candidatus Azambacteria	-0.0053	-0.0141	0.0082	-0.0103	-0.0089	0.0053	0.0002	-0.0091	0.0053	-0.0169	-0.0161	-0.0106	-0.0026	-0.0047	1.6255	-0.0110	0.0064	-0.0104	-0.0176	0.0043	0.0047	0.0066	0.0085	-0.0021	0.0108	-0.0083	-0.0060	-0.0145	-0.0190	-0.0016	0.0078	-0.0086	0.0054	-0.0267	-0.0099	-0.0060	-0.0208	-0.0130	-0.0242	0.0074	-0.0365	-0.0191	0.0007	-0.0031	0.0030	-0.0238	0.0032	0.0036	-0.0192	-0.0037	-0.0127	0.0073	0.0112	0.0019	-0.0041	-0.0072	0.0117	-0.0042	0.0046	-0.0225	-0.0120	-0.0127	-0.0171	0.0018	0.0252	-0.0068	0.0063	0.0106	-0.0147	-0.0232	0.0019	0.0149	-0.0025	-0.0116	-0.0297	-0.0084	-0.0068	0.0166	-0.0147	-0.0215	-0.0110	0.0152	0.0167	-0.0075	-0.0010	-0.0177	-0.0227	-0.0090	0.0010	-0.0192	0.0112	-0.0024	0.0036	0.0116	0.0050	-0.0161	-0.0108	-0.0006	-0.0048	-0.0069	-0.0021	-0.0214	-0.0086	-0.0030	0.0024	0.0122	-0.0121	-0.0070	-0.0021	-0.0108	-0.0011	0.0209	-0.0024	0.0008	0.0151	-0.0213	-0.0216	-0.0098	0.0093	-0.0150	0.0058	-0.0123	0.0089	0.0084	-0.0120	-0.0035	0.0094	0.0123	0.0008	-0.0005	0.0050	0.0070	-0.0232	-0.0011	-0.0230	-0.0020	-0.0139	-0.0209	0.0037	0.0070	-0.0086	0.0014	0.0207	0.0135	0.0072	0.0064	-0.0269	0.0030	-0.0044	0.0079	-0.0069	-0.0143	-0.0072
Candidatus Falkowbacteria	-0.0168	0.0068	0.0052	0.0076	0.0065	0.0006	-0.0087	0.0171	-0.0109	0.0104	-0.0154	-0.0197	-0.0075	-0.0041	-0.0110	1.5778	0.0005	-0.0159	-0.0072	0.0120	-0.0068	-0.0153	-0.0095	-0.0010	-0.0083	-0.0125	-0.0011	0.0068	-0.0209	-0.0322	-0.0098	0.0046	0.0048	-0.0021	0.0154	-0.0089	-0.0205	0.0030	-0.0228	0.0081	-0.0193	0.0067	0.0019	-0.0165	-0.0092	-0.0012	-0.0044	0.0101	-0.0068	-0.0000	0.0120	0.0116	0.0015	-0.0047	-0.0068	-0.0060	-0.0020	0.0109	0.0104	-0.0032	0.0082	0.0040	0.0069	0.0042	-0.0024	-0.0039	-0.0080	-0.0019	-0.0055	0.0001	0.0157	0.0003	-0.0088	-0.0253	-0.0108	-0.0154	-0.0125	-0.0152	-0.0014	-0.0063	-0.0039	0.0057	0.0014	-0.0010	0.0045	-0.0126	0.0018	-0.0137	0.0182	-0.0008	-0.0165	-0.0049	-0.0119	-0.0027	-0.0015	-0.0030	-0.0136	-0.0033	-0.0040	-0.0011	-0.0026	-0.0071	-0.0144	-0.0059	0.0089	-0.0065	-0.0126	0.0006	-0.0321	0.0114	0.0107	-0.0099	-0.0063	-0.0081	0.0005	-0.0083	-0.0009	0.0042	0.0100	-0.0129	0.0031	-0.0182	0.0164	-0.0182	0.0227	0.0065	-0.0002	0.0099	0.0008	-0.0226	-0.0061	-0.0042	0.0088	-0.0126	-0.0142	0.0051	0.0098	-0.0017	0.0047	0.0141	-0.0121	0.0083	-0.0015	0.0184	-0.0087	-0.0252	-0.0184	0.0040	-0.0006	0.0006	-0.0100	-0.0170	-0.0012
Candidatus Magasanikbacteria	-0.0094	-0.0199	0.0109	-0.0164	-0.0005	0.0077	-0.0011	-0.0198	-0.0118	-0.0306	-0.0117	0.0107	-0.0027	0.0016	0.0064	0.0005	1.5921	0.0032	-0.0087	-0.0020	0.0134	0.0122	-0.0007	0.0075	-0.0063	-0.0155	0.0106	-0.0116	-0.0046	0.0054	-0.0079	-0.0031	-0.0022	0.0067	-0.0106	-0.0077	-0.0161	0.0036	0.0043	0.0158	0.0185	0.0030	-0.0125	0.0156	-0.0045	-0.0143	-0.0026	-0.0050	-0.0051	0.0003	0.0050	0.0171	-0.0007	-0.0107	0.0108	-0.0218	-0.0062	0.0030	0.0089	-0.0126	-0.0162	-0.0064	-0.0157	0.0037	-0.0145	-0.0255	-0.0021	0.0050	-0.0248	-0.0018	-0.0150	-0.0016	-0.0206	-0.0031	-0.0143	-0.0114	0.0027	0.0129	-0.0090	-0.0033	-0.0128	-0.0324	-0.0011	-0.0038	-0.0050	-0.0094	0.0083	0.0053	-0.0365	-0.0037	0.0130	0.0097	-0.0098	-0.0234	-0.0167	-0.0059	-0.0049	0.0173	0.0089	0.0202	0.0066	-0.0132	-0.0053	0.0066	-0.0282	0.0175	0.0070	-0.0158	-0.0107	0.0059	0.0049	-0.0080	-0.0148	-0.0160	-0.0120	-0.0053	-0.0070	0.0264	0.0063	-0.0101	-0.0092	-0.0221	-0.0052	-0.0013	-0.0105	-0.0060	-0.0227	0.0109	0.0159	-0.0089	-0.0026	-0.0023	0.0017	-0.0021	-0.0118	-0.0074	0.0011	0.0028	-0.0010	0.0188	0.0063	-0.0136	-0.0008	-0.0049	-0.0135	-0.0084	0.0072	0.0066	-0.0073	0.0208	-0.0017	0.0072	-0.0161
Candidatus Nealsonbacteria	-0.0058	0.0087	-0.0094	-0.0009	0.0047	-0.0170	0.0148	-0.0152	-0.0105	0.0019	0.0122	0.0004	-0.0119	0.0142	-0.0104	-0.0159	0.0032	1.5952	-0.0342	-0.0148	-0.0213	-0.0016	-0.0254	0.0005	-0.0058	-0.0008	-0.0117	-0.0057	0.0019	-0.0010	0.0080	-0.0051	0.0286	0.0030	-0.0055	0.0074	-0.0144	0.0035	0.0031	-0.0098	-0.0208	0.0019	-0.0040	-0.0101	0.0070	0.0041	0.0056	0.0064	-0.0030	-0.0240	-0.0247	-0.0100	-0.0205	0.0033	-0.0197	-0.0078	-0.0008	0.0028	-0.0006	-0.0017	0.0065	0.0059	-0.0070	-0.0105	-0.0049	-0.0206	-0.0010	-0.0073	-0.0004	-0.0135	0.0115	0.0033	0.0032	0.0067	-0.0193	-0.0242	0.0006	0.0046	0.0009	0.0093	-0.0014	0.0052	-0.0158	-0.0077	-0.0091	0.0129	-0.0164	-0.0070	-0.0140	-0.0207	-0.0119	0.0178	0.0059	-0.0056	0.0002	-0.0166	-0.0222	0.0130	0.0095	-0.0003	0.0098	0.0021	-0.0115	-0.0067	-0.0061	0.0020	-0.0023	-0.0276	0.0160	-0.0141	-0.0093	-0.0150	0.0079	-0.0105	-0.0058	0.0113	-0.0031	-0.0129	-0.0070	-0.0138	-0.0005	-0.0341	-0.0308	0.0001	-0.0033	-0.0103	0.0110	-0.0076	-0.0032	0.0037	0.0186	-0.0028	-0.0002	-0.0216	0.0056	-0.0107	-0.0118	-0.0022	0.0019	-0.0005	-0.0157	-0.0002	-0.0073	0.0005	-0.0085	0.0008	0.0065	0.0061	0.0047	-0.0285	-0.0075	-0.0106	0.0012
Candidatus Uhrbacteria	-0.0127	-0.0032	-0.0065	-0.0016	-0.0046	-0.0141	-0.0093	-0.0102	-0.0078	-0.0181	-0.0165	-0.0146	-0.0081	-0.0089	-0.0176	-0.0072	-0.0087	-0.0342	1.6062	-0.0148	-0.0115	-0.0117	-0.0084	-0.0209	0.0161	0.0088	-0.0237	-0.0019	-0.0018	0.0128	0.0033	0.0024	-0.0116	-0.0196	-0.0081	0.0056	-0.0101	0.0008	-0.0162	-0.0088	-0.0068	0.0095	-0.0128	-0.0061	0.0016	-0.0073	0.0044	-0.0085	-0.0027	0.0054	0.0071	0.0176	-0.0068	-0.0133	0.0084	0.0030	-0.0178	-0.0189	-0.0086	-0.0028	-0.0063	-0.0263	-0.0095	-0.0032	0.0087	-0.0056	0.0010	-0.0287	-0.0134	-0.0265	-0.0176	-0.0011	0.0017	-0.0231	0.0151	-0.0078	-0.0193	0.0083	-0.0103	-0.0043	0.0130	0.0043	0.0104	0.0014	-0.0082	-0.0081	-0.0021	-0.0142	0.0009	-0.0059	-0.0056	-0.0081	-0.0210	0.0038	-0.0132	-0.0016	-0.0153	-0.0293	0.0202	0.0141	0.0064	-0.0027	0.0433	-0.0123	-0.0039	0.0067	-0.0021	-0.0107	0.0009	-0.0135	-0.0111	-0.0049	0.0167	-0.0004	-0.0117	-0.0104	-0.0070	0.0160	0.0130	0.0103	-0.0054	0.0022	0.0144	-0.0001	-0.0217	0.0129	0.0005	0.0009	-0.0167	0.0095	-0.0004	-0.0260	0.0113	0.0056	-0.0101	0.0006	-0.0099	-0.0145	-0.0237	-0.0143	-0.0333	-0.0175	0.0070	0.0018	-0.0218	0.0021	-0.0180	0.0023	0.0136	-0.0043	0.0004	-0.0087	0.0003
Candidatus Giovannonibacteria	0.0077	0.0126	0.0008	-0.0046	-0.0099	0.0185	-0.0001	-0.0201	-0.0125	-0.0017	0.0156	-0.0065	-0.0087	0.0199	0.0043	0.0120	-0.0020	-0.0148	-0.0148	1.5949	0.0035	-0.0113	0.0002	-0.0125	-0.0139	0.0121	-0.0178	-0.0004	-0.0155	-0.0285	0.0005	-0.0022	-0.0139	-0.0077	-0.0165	-0.0113	0.0130	-0.0161	0.0141	0.0189	0.0152	-0.0053	0.0168	-0.0132	-0.0005	-0.0014	-0.0022	0.0120	-0.0012	-0.0015	0.0040	-0.0127	-0.0034	-0.0252	0.0105	-0.0012	0.0018	-0.0051	-0.0060	0.0226	0.0078	0.0045	-0.0072	0.0140	-0.0234	-0.0065	-0.0093	0.0026	0.0044	-0.0109	0.0020	-0.0227	-0.0193	0.0263	0.0186	-0.0128	-0.0233	-0.0078	-0.0157	-0.0099	-0.0117	-0.0250	-0.0125	-0.0024	-0.0015	-0.0158	-0.0223	-0.0220	0.0069	-0.0166	-0.0200	0.0077	-0.0038	-0.0099	-0.0043	-0.0032	0.0081	-0.0128	0.0010	0.0203	-0.0131	-0.0146	-0.0270	-0.0086	-0.0021	-0.0101	-0.0031	-0.0031	0.0165	-0.0065	-0.0154	-0.0099	-0.0318	-0.0050	0.0024	-0.0063	0.0030	0.0173	-0.0173	0.0029	0.0019	-0.0011	-0.0117	-0.0197	-0.0055	0.0188	-0.0201	0.0015	-0.0121	0.0173	-0.0053	-0.0190	-0.0078	-0.0110	0.0162	0.0054	-0.0158	-0.0028	0.0004	-0.0292	-0.0177	0.0017	-0.0052	-0.0056	-0.0080	0.0010	-0.0175	0.0024	-0.0003	-0.0125	-0.0020	-0.0259	0.0097
Candidatus Moranbacteria	-0.0017	0.0090	-0.0048	-0.0132	-0.0129	-0.0224	0.0150	-0.0197	0.0028	-0.0016	-0.0101	0.0205	0.0001	0.0105	0.0047	-0.0068	0.0134	-0.0213	-0.0115	0.0035	1.5684	-0.0066	-0.0223	0.0075	0.0101	-0.0107	-0.0099	-0.0226	0.0058	-0.0089	0.0076	-0.0203	0.0024	-0.0113	0.0131	-0.0219	0.0147	-0.0035	0.0158	0.0016	0.0016	0.0066	-0.0119	0.0209	0.0155	0.0178	-0.0052	-0.0296	-0.0036	0.0038	0.0026	0.0058	-0.0356	-0.0003	0.0039	-0.0033	-0.0051	0.0063	0.0037	-0.0063	0.0206	-0.0223	-0.0149	0.0094	-0.0084	-0.0141	-0.0203	0.0025	-0.0216	-0.0110	-0.0204	-0.0164	-0.0098	-0.0137	-0.0177	0.0043	0.0029	0.0061	-0.0015	-0.0177	-0.0234	-0.0033	0.0122	0.0050	0.0015	0.0069	0.0026	-0.0187	0.0076	0.0083	-0.0120	-0.0174	-0.0062	-0.0242	0.0038	-0.0135	-0.0140	0.0014	-0.0176	-0.0237	-0.0000	0.0062	-0.0001	-0.0119	0.0081	-0.0044	-0.0083	0.0042	-0.0095	0.0059	-0.0000	-0.0167	-0.0001	-0.0021	-0.0254	-0.0224	-0.0121	-0.0195	-0.0114	-0.0015	0.0102	0.0006	0.0086	-0.0183	-0.0219	-0.0033	-0.0243	0.0025	-0.0181	0.0030	-0.0084	0.0044	-0.0085	0.0020	-0.0024	-0.0177	0.0083	0.0196	-0.0301	0.0358	0.0092	-0.0051	-0.0037	-0.0011	-0.0131	-0.0142	-0.0053	-0.0119	-0.0183	0.0209	-0.0225	0.0062	0.0005
Candidatus Zambryskibacteria	-0.0011	-0.0105	0.0009	-0.0164	-0.0179	0.0052	-0.0003	0.0055	-0.0188	-0.0137	-0.0005	0.0065	-0.0070	-0.0025	0.0066	-0.0153	0.0122	-0.0016	-0.0117	-0.0113	-0.0066	1.6100	-0.0229	-0.0047	-0.0208	-0.0040	-0.0041	-0.0064	0.0128	-0.0110	0.0069	0.0209	-0.0178	0.0071	-0.0004	-0.0001	0.0029	-0.0068	-0.0027	0.0096	-0.0049	-0.0233	0.0092	-0.0055	0.0028	0.0107	-0.0263	0.0076	-0.0044	-0.0085	-0.0034	-0.0191	-0.0150	-0.0079	0.0034	0.0110	0.0006	0.0071	-0.0053	-0.0088	-0.0054	-0.0082	-0.0029	0.0027	0.0154	-0.0041	-0.0113	-0.0007	-0.0034	-0.0150	-0.0006	-0.0067	-0.0017	0.0128	-0.0152	-0.0056	-0.0036	-0.0053	0.0101	-0.0207	-0.0052	-0.0053	0.0082	0.0144	-0.0076	-0.0132	-0.0025	-0.0104	-0.0048	-0.0122	0.0101	0.0037	0.0055	-0.0072	0.0020	-0.0261	-0.0095	-0.0271	-0.0026	-0.0170	-0.0289	-0.0124	0.0011	0.0097	-0.0012	-0.0007	-0.0243	-0.0035	-0.0214	-0.0143	0.0148	0.0105	-0.0055	-0.0077	-0.0135	-0.0221	0.0001	0.0096	-0.0076	-0.0110	0.0185	0.0052	-0.0099	-0.0085	-0.0061	0.0015	-0.0084	-0.0050	-0.0171	0.0041	-0.0148	-0.0020	-0.0089	-0.0075	0.0061	-0.0072	0.0073	0.0165	-0.0022	0.0054	-0.0045	-0.0067	-0.0211	0.0033	-0.0048	0.0019	-0.0116	0.0088	-0.0073	0.0017	-0.0019	-0.0120	-0.0143
Candidatus Staskawiczbacteria	-0.0132	-0.0050	0.0109	-0.0024	-0.0047	0.0053	-0.0122	-0.0175	0.0067	-0.0102	0.0125	-0.0129	-0.0278	0.0036	0.0085	-0.0095	-0.0007	-0.0254	-0.0084	0.0002	-0.0223	-0.0229	1.6098	0.0039	0.0036	0.0135	0.0075	-0.0167	-0.0138	0.0069	-0.0007	0.0114	-0.0052	0.0012	0.0016	-0.0015	-0.0064	-0.0006	0.0057	-0.0031	-0.0030	0.0073	-0.0156	-0.0160	0.0018	-0.0232	0.0037	-0.0223	0.0129	-0.0053	-0.0372	0.0090	-0.0161	-0.0210	-0.0033	-0.0003	-0.0204	-0.0076	0.0010	-0.0053	-0.0087	0.0007	-0.0274	-0.0016	0.0197	-0.0117	0.0065	0.0098	-0.0187	0.0148	0.0067	0.0132	-0.0069	-0.0044	0.0003	-0.0000	-0.0072	0.0035	-0.0056	0.0143	-0.0007	-0.0099	-0.0083	0.0059	-0.0138	-0.0129	-0.0276	0.0264	-0.0013	-0.0247	-0.0147	-0.0232	0.0036	-0.0344	-0.0021	-0.0098	-0.0099	0.0202	0.0017	0.0007	-0.0118	-0.0182	0.0074	-0.0169	-0.0092	0.0059	-0.0246	-0.0089	0.0080	-0.0192	0.0079	-0.0019	-0.0090	-0.0058	-0.0081	-0.0159	0.0168	-0.0047	0.0031	0.0079	-0.0256	0.0029	0.0081	-0.0263	-0.0135	0.0034	-0.0148	-0.0347	-0.0053	-0.0170	-0.0082	0.0014	0.0152	-0.0055	-0.0140	0.0030	-0.0127	-0.0005	-0.0126	-0.0102	-0.0036	-0.0190	-0.0151	-0.0117	-0.0052	-0.0203	-0.0137	-0.0048	-0.0143	-0.0064	-0.0140	-0.0152	0.0098
Candidatus Wolfebacteria	0.0081	0.0054	-0.0233	0.0105	-0.0120	-0.0341	-0.0123	-0.0087	-0.0017	-0.0275	-0.0032	0.0028	-0.0021	0.0130	-0.0021	-0.0010	0.0075	0.0005	-0.0209	-0.0125	0.0075	-0.0047	0.0039	1.5928	-0.0046	-0.0161	0.0036	-0.0098	0.0021	-0.0140	-0.0191	-0.0220	0.0098	0.0013	-0.0104	-0.0018	-0.0093	-0.0093	-0.0101	0.0030	-0.0126	-0.0109	-0.0041	0.0058	-0.0300	0.0110	0.0083	-0.0134	-0.0263	-0.0111	0.0154	-0.0130	-0.0136	-0.0156	-0.0003	-0.0123	0.0107	0.0115	-0.0266	0.0092	-0.0131	0.0073	-0.0187	-0.0045	0.0164	-0.0095	-0.0150	0.0067	0.0252	-0.0276	0.0008	-0.0234	-0.0149	-0.0100	0.0075	0.0059	-0.0016	-0.0119	0.0010	-0.0035	0.0015	-0.0081	-0.0170	-0.0021	-0.0084	0.0180	0.0028	-0.0100	-0.0138	0.0226	0.0039	-0.0018	-0.0040	-0.0148	0.0014	0.0174	-0.0326	-0.0083	0.0006	-0.0134	0.0163	-0.0047	-0.0038	-0.0097	-0.0260	-0.0156	-0.0042	-0.0222	0.0012	-0.0181	-0.0191	0.0184	-0.0058	0.0117	-0.0202	-0.0077	0.0083	-0.0008	-0.0040	-0.0251	-0.0081	0.0075	0.0035	0.0144	0.0078	-0.0189	-0.0007	0.0086	0.0113	-0.0021	-0.0153	-0.0083	-0.0177	-0.0124	-0.0142	0.0087	0.0089	-0.0080	-0.0036	-0.0172	-0.0074	-0.0122	-0.0042	-0.0034	0.0041	-0.0039	-0.0000	-0.0002	-0.0182	-0.0002	-0.0125	-0.0172	0.0046
Candidatus Harrisonbacteria	-0.0195	0.0027	-0.0169	-0.0111	0.0139	-0.0033	-0.0087	-0.0288	-0.0144	-0.0204	-0.0154	-0.0046	-0.0082	0.0020	0.0108	-0.0083	-0.0063	-0.0058	0.0161	-0.0139	0.0101	-0.0208	0.0036	-0.0046	1.6305	0.0043	-0.0174	-0.0129	-0.0083	-0.0028	0.0076	0.0081	-0.0046	0.0098	-0.0280	-0.0065	-0.0180	0.0021	0.0185	-0.0094	-0.0004	-0.0074	-0.0038	0.0011	-0.0046	-0.0133	0.0021	-0.0145	-0.0236	0.0208	-0.0313	-0.0046	-0.0082	0.0022	-0.0094	-0.0006	0.0045	0.0035	-0.0059	-0.0078	-0.0041	-0.0025	0.0142	0.0002	0.0071	-0.0097	0.0006	0.0013	-0.0039	0.0105	-0.0024	-0.0051	0.0166	-0.0061	0.0032	0.0059	-0.0112	-0.0224	0.0152	0.0025	-0.0145	-0.0079	0.0013	-0.0084	0.0069	0.0095	-0.0095	0.0062	0.0016	-0.0002	0.0002	-0.0137	-0.0084	-0.0081	-0.0073	0.0234	0.0163	0.0013	0.0030	-0.0108	-0.0056	-0.0260	-0.0061	0.0017	-0.0054	-0.0040	-0.0040	-0.0285	-0.0047	-0.0166	-0.0015	-0.0060	-0.0105	0.0153	-0.0043	-0.0133	0.0214	-0.0042	-0.0033	-0.0196	-0.0080	0.0028	0.0170	0.0121	0.0036	-0.0240	-0.0085	0.0016	-0.0049	0.0135	-0.0208	-0.0041	0.0026	-0.0014	-0.0169	-0.0042	-0.0061	0.0124	0.0096	-0.0178	0.0020	-0.0203	-0.0128	-0.0089	0.0053	0.0032	-0.0048	-0.0168	0.0147	-0.0036	0.0086	-0.0034	-0.0177
Candidatus Taylorbacteria	0.0085	-0.0026	-0.0074	-0.0238	-0.0124	0.0005	-0.0023	-0.0099	-0.0070	0.0029	-0.0041	-0.0008	0.0048	-0.0101	-0.0083	-0.0125	-0.0155	-0.0008	0.0088	0.0121	-0.0107	-0.0040	0.0135	-0.0161	0.0043	1.5665	-0.0193	0.0058	-0.0273	0.0029	-0.0089	0.0001	0.0043	-0.0226	0.0007	-0.0056	-0.0137	-0.0006	-0.0163	0.0049	0.0050	-0.0096	0.0019	0.0029	-0.0032	-0.0025	-0.0189	-0.0071	0.0000	-0.0004	-0.0139	0.0041	-0.0237	0.0086	-0.0037	-0.0001	-0.0044	0.0074	-0.0079	-0.0116	-0.0096	-0.0127	0.0079	0.0031	-0.0225	0.0058	-0.0129	0.0253	-0.0066	-0.0184	0.0047	0.0076	0.0039	0.0048	-0.0088	0.0015	-0.0107	-0.0027	-0.0147	-0.0121	-0.0207	-0.0145	0.0065	0.0206	-0.0248	-0.0135	-0.0008	0.0080	-0.0181	-0.0028	0.0004	0.0013	-0.0064	-0.0020	-0.0170	0.0044	-0.0027	0.0083	0.0068	0.0095	-0.0171	0.0164	0.0092	0.0018	-0.0047	-0.0282	0.0157	0.0104	0.0208	-0.0123	0.0128	-0.0150	-0.0054	0.0110	0.0061	-0.0085	0.0066	-0.0178	-0.0255	-0.0160	-0.0049	-0.0170	-0.0050	-0.0105	0.0046	-0.0083	0.0162	-0.0193	-0.0189	-0.0121	-0.0081	-0.0010	0.0187	-0.0110	-0.0058	-0.0112	0.0044	0.0040	-0.0315	-0.0044	-0.0189	-0.0111	-0.0235	-0.0232	-0.0011	-0.0079	0.0085	0.0011	-0.0058	-0.0222	0.0130	-0.0155	0.0040
Candidatus Buchananbacteria	0.0021	0.0008	-0.0024	0.0078	-0.0072	0.0033	-0.0103	-0.0144	-0.0117	0.0100	-0.0014	0.0178	-0.0111	-0.0058	-0.0060	-0.0011	0.0106	-0.0117	-0.0237	-0.0178	-0.0099	-0.0041	0.0075	0.0036	-0.0174	-0.0193	1.6000	0.0058	-0.0183	-0.0124	0.0039	0.0114	0.0150	-0.0038	0.0138	0.0307	-0.0193	-0.0228	-0.0129	-0.0022	-0.0251	0.0137	0.0212	-0.0071	0.0136	-0.0140	0.0058	0.0020	-0.0106	-0.0031	-0.0107	-0.0066	0.0148	-0.0086	-0.0042	-0.0136	-0.0233	0.0035	-0.0121	-0.0073	0.0043	-0.0079	-0.0066	-0.0058	0.0002	-0.0168	0.0045	0.0107	0.0015	-0.0181	-0.0009	0.0052	0.0026	0.0140	0.0030	-0.0138	0.0076	-0.0117	0.0002	-0.0106	-0.0014	-0.0157	0.0012	-0.0015	-0.0134	0.0044	0.0109	0.0069	0.0012	-0.0241	-0.0133	-0.0205	-0.0214	-0.0286	-0.0015	0.0177	-0.0020	-0.0051	-0.0147	0.0127	0.0152	-0.0104	-0.0076	-0.0108	-0.0063	-0.0244	-0.0183	-0.0043	-0.0115	-0.0009	0.0068	0.0066	0.0002	0.0004	0.0131	0.0193	-0.0031	0.0054	-0.0202	0.0144	-0.0219	-0.0141	-0.0090	-0.0212	-0.0024	-0.0234	-0.0175	0.0040	-0.0102	-0.0241	-0.0088	0.0043	0.0134	-0.0233	-0.0052	0.0050	0.0021	-0.0150	-0.0013	-0.0079	0.0131	0.0083	-0.0006	-0.0072	0.0032	-0.0043	-0.0148	-0.0081	0.0034	-0.0154	-0.0065	0.0048	-0.0062
Candidatus Portnoybacteria	-0.0017	-0.0002	-0.0229	-0.0110	-0.0066	-0.0041	0.0001	-0.0014	-0.0031	-0.0115	-0.0280	-0.0004	-0.0114	-0.0047	-0.0145	0.0068	-0.0116	-0.0057	-0.0019	-0.0004	-0.0226	-0.0064	-0.0167	-0.0098	-0.0129	0.0058	0.0058	1.5578	-0.0041	0.0081	0.0026	0.0029	-0.0136	-0.0017	-0.0047	-0.0021	0.0117	-0.0197	-0.0005	-0.0030	-0.0029	-0.0058	-0.0155	0.0003	-0.0101	-0.0061	-0.0037	-0.0156	0.0001	-0.0073	0.0163	-0.0059	0.0036	0.0126	-0.0067	-0.0130	0.0073	-0.0092	-0.0132	0.0046	-0.0104	-0.0235	0.0064	-0.0186	-0.0047	-0.0263	-0.0179	0.0091	0.0118	-0.0048	0.0040	-0.0157	-0.0129	-0.0143	-0.0224	-0.0151	0.0031	-0.0159	-0.0080	-0.0058	0.0065	-0.0063	-0.0130	-0.0017	-0.0147	-0.0074	-0.0034	-0.0106	-0.0234	-0.0058	-0.0148	-0.0163	0.0042	-0.0111	-0.0042	0.0087	0.0082	0.0096	0.0081	-0.0016	-0.0065	0.0004	-0.0033	0.0042	-0.0013	-0.0047	-0.0154	-0.0039	-0.0034	-0.0272	-0.0175	-0.0078	-0.0037	-0.0109	-0.0094	-0.0234	0.0095	-0.0129	-0.0084	-0.0018	-0.0138	-0.0096	-0.0064	0.0003	0.0095	0.0153	0.0010	0.0000	0.0035	0.0200	0.0224	0.0119	-0.0028	-0.0022	-0.0107	-0.0185	-0.0176	-0.0163	0.0011	0.0033	0.0085	0.0168	0.0041	-0.0059	-0.0023	-0.0131	-0.0055	0.0104	-0.0064	-0.0156	-0.0148	0.0086	-0.0005
Candidatus Adlerbacteria	-0.0098	-0.0082	-0.0039	0.0028	0.0025	-0.0048	-0.0042	-0.0003	0.0052	-0.0069	0.0233	-0.0267	-0.0054	-0.0215	-0.0190	-0.0209	-0.0046	0.0019	-0.0018	-0.0155	0.0058	0.0128	-0.0138	0.0021	-0.0083	-0.0273	-0.0183	-0.0041	1.5967	-0.0179	-0.0258	0.0109	-0.0128	0.0105	-0.0059	0.0097	0.0184	-0.0008	-0.0082	0.0026	-0.0128	-0.0095	0.0059	0.0098	-0.0048	0.0004	-0.0125	-0.0003	0.0102	-0.0121	0.0039	-0.0167	-0.0000	-0.0031	-0.0151	0.0138	0.0049	-0.0198	-0.0133	0.0019	-0.0149	-0.0183	-0.0008	0.0018	-0.0026	0.0007	-0.0068	-0.0180	0.0129	0.0040	0.0006	0.0117	-0.0204	-0.0104	0.0159	-0.0051	-0.0066	-0.0327	0.0045	0.0137	-0.0130	0.0076	-0.0044	-0.0150	-0.0101	-0.0002	-0.0173	-0.0080	0.0101	-0.0121	-0.0044	-0.0096	-0.0050	-0.0001	-0.0048	-0.0052	0.0014	0.0001	0.0085	-0.0021	0.0062	0.0173	0.0076	-0.0028	-0.0233	-0.0043	0.0032	0.0048	0.0127	0.0138	0.0028	0.0072	-0.0133	-0.0342	-0.0036	-0.0140	-0.0031	-0.0054	-0.0081	0.0038	-0.0095	0.0094	0.0201	-0.0022	-0.0250	0.0052	-0.0088	-0.0218	0.0196	-0.0122	0.0086	0.0106	0.0259	0.0065	0.0069	-0.0167	-0.0011	0.0042	0.0028	0.0053	0.0069	-0.0139	-0.0047	-0.0297	-0.0006	-0.0145	-0.0128	0.0031	-0.0234	-0.0198	-0.0293	-0.0072	-0.0082
Candidatus Sungbacteria	-0.0102	-0.0128	-0.0055	0.0052	-0.0146	0.0001	0.0148	0.0199	0.0020	-0.0048	-0.0079	-0.0144	-0.0191	-0.0136	-0.0016	-0.0322	0.0054	-0.0010	0.0128	-0.0285	-0.0089	-0.0110	0.0069	-0.0140	-0.0028	0.0029	-0.0124	0.0081	-0.0179	1.6348	0.0121	0.0213	0.0014	-0.0253	-0.0043	-0.0191	-0.0005	0.0131	-0.0038	-0.0118	-0.0023	-0.0158	-0.0075	-0.0149	-0.0115	-0.0029	0.0039	-0.0123	-0.0005	-0.0085	-0.0378	-0.0006	0.0139	-0.0142	-0.0031	0.0035	-0.0203	-0.0126	-0.0110	-0.0105	-0.0116	-0.0204	0.0134	-0.0153	-0.0011	-0.0130	-0.0238	0.0121	-0.0098	-0.0177	-0.0066	0.0030	-0.0064	-0.0051	0.0008	-0.0044	0.0152	0.0153	0.0155	-0.0079	-0.0121	-0.0061	-0.0051	0.0049	-0.0033	0.0018	-0.0032	-0.0099	0.0003	-0.0148	-0.0043	-0.0008	-0.0006	-0.0087	-0.0171	-0.0058	0.0032	0.0044	-0.0112	-0.0218	0.0074	-0.0053	-0.0089	0.0004	-0.0053	0.0028	0.0098	0.0155	-0.0115	-0.0083	0.0091	-0.0018	-0.0131	-0.0085	0.0068	-0.0190	-0.0109	0.0281	-0.0100	0.0067	-0.0090	0.0039	-0.0297	-0.0203	0.0117	-0.0235	0.0085	-0.0038	-0.0117	-0.0093	-0.0073	0.0060	0.0036	-0.0104	0.0103	-0.0276	0.0006	-0.0080	-0.0134	-0.0015	-0.0039	-0.0094	-0.0193	0.0023	-0.0003	-0.0051	0.0031	-0.0084	-0.0010	-0.0007	-0.0077	-0.0173	-0.0130
