,Acidobacteriota,Actinomycetota,Aquificota,Armatimonadota,Atribacterota,Bacillota,Bacteroidota,Balneolota,Bdellovibrionota,Caldisericota,Calditrichota,Campylobacterota,Candidatus.Abawacabacteria,Candidatus.Absconditabacteria,Candidatus.Adlerbacteria,Candidatus.Amesbacteria,Candidatus.Aminicenantes,Candidatus.Andersenbacteria,Candidatus.Azambacteria,Candidatus.Bathyarchaeota,Candidatus.Beckwithbacteria,Candidatus.Berkelbacteria,Candidatus.Blackallbacteria,Candidatus.Blackburnbacteria,Candidatus.Buchananbacteria,Candidatus.Campbellbacteria,Candidatus.Chisholmbacteria,Candidatus.Cloacimonetes,Candidatus.Coatesbacteria,Candidatus.Collierbacteria,Candidatus.Colwellbacteria,Candidatus.Curtissbacteria,Candidatus.Dadabacteria,Candidatus.Daviesbacteria,Candidatus.Desantisbacteria,Candidatus.Diapherotrites,Candidatus.Doudnabacteria,Candidatus.Edwardsbacteria,Candidatus.Eisenbacteria,Candidatus.Falkowbacteria,Candidatus.Firestonebacteria,Candidatus.Fischerbacteria,Candidatus.Fraserbacteria,Candidatus.Giovannonibacteria,Candidatus.Glassbacteria,Candidatus.Gottesmanbacteria,Candidatus.Gracilibacteria,Candidatus.Handelsmanbacteria,Candidatus.Harrisonbacteria,Candidatus.Huberarchaea,Candidatus.Jorgensenbacteria,Candidatus.Kaiserbacteria,Candidatus.Kerfeldbacteria,Candidatus.Komeilibacteria,Candidatus.Korarchaeota,Candidatus.Kuenenbacteria,Candidatus.Levybacteria,Candidatus.Lindowbacteria,Candidatus.Liptonbacteria,Candidatus.Lloydbacteria,Candidatus.Lokiarchaeota,Candidatus.Magasanikbacteria,Candidatus.Margulisbacteria,Candidatus.Marinimicrobia,Candidatus.Melainabacteria,Candidatus.Micrarchaeota,Candidatus.Microgenomates,Candidatus.Moranbacteria,Candidatus.Nanohaloarchaeota,Candidatus.Nealsonbacteria,Candidatus.Niyogibacteria,Candidatus.Nomurabacteria,Candidatus.Omnitrophica,Candidatus.Pacebacteria,Candidatus.Peregrinibacteria,Candidatus.Portnoybacteria,Candidatus.Ratteibacteria,Candidatus.Raymondbacteria,Candidatus.Riflebacteria,Candidatus.Roizmanbacteria,Candidatus.Rokubacteria,Candidatus.Ryanbacteria,Candidatus.Saccharibacteria,Candidatus.Schekmanbacteria,Candidatus.Shapirobacteria,Candidatus.Spechtbacteria,Candidatus.Staskawiczbacteria,Candidatus.Sumerlaeota,Candidatus.Sungbacteria,Candidatus.Tagabacteria,Candidatus.Taylorbacteria,Candidatus.Tectomicrobia,Candidatus.Terrybacteria,Candidatus.Thermoplasmatota,Candidatus.Thorarchaeota,Candidatus.Uhrbacteria,Candidatus.Vogelbacteria,Candidatus.Wallbacteria,Candidatus.Wildermuthbacteria,Candidatus.Woesearchaeota,Candidatus.Woesebacteria,Candidatus.Wolfebacteria,Candidatus.Woykebacteria,Candidatus.Yanofskybacteria,Candidatus.Yonathbacteria,Candidatus.Zambryskibacteria,Chlamydiota,Chlorobiota,Chloroflexota,Chrysiogenota,Coprothermobacterota,Cyanobacteriota,Deferribacterota,Deinococcota,Dictyoglomota,Elusimicrobiota,Euryarchaeota,Fibrobacterota,Fusobacteriota,Gemmatimonadota,Ignavibacteriota,Kiritimatiellota,Lentisphaerota,Mycoplasmatota,Myxococcota,Nanoarchaeota,Nitrososphaerota,Nitrospinota,Nitrospirota,Planctomycetota,Pseudomonadota,Spirochaetota,Synergistota,Thermodesulfobacteriota,Thermomicrobiota,Thermoproteota,Thermotogota,Verrucomicrobiota,candidate.division.CPR1,candidate.division.CPR2,candidate.division.CPR3,candidate.division.NC10,candidate.division.WOR.3,candidate.division.WWE3,candidate.division.Zixibacteria
Acidobacteriota,1.0,-0.0063,-0.0003,-0.0086,-0.0094,-0.0079,-0.0106,-0.0128,-0.0019,-0.0064,-0.0127,-0.0098,-0.0018,0.0047,-0.0009,-0.0008,-0.0091,-0.0021,-0.0185,-0.0089,-0.007,-0.0016,-0.0037,-0.0048,-0.0014,-0.0047,-0.0039,-0.0124,-0.0051,-0.01,-0.0042,-0.0035,-0.0061,0.0024,0.0128,-0.0112,-0.0049,-0.0053,-0.0018,-0.0015,-0.0062,-0.0099,-0.0063,-0.0032,-0.0009,-0.0047,-0.004,-0.0071,-0.0023,-0.0065,-0.0084,0.0057,-0.0053,-0.0033,-0.0139,-0.0154,-0.0043,-0.0068,-0.0003,-0.0052,-0.0036,-0.015,0.0016,-0.0101,-0.0011,0.0009,-0.0108,-0.0053,-0.002,-0.0056,-0.0074,-0.0075,-0.0079,-0.0064,0.0022,-0.0007,-0.0131,-0.0131,-0.0057,-0.0143,-0.0118,-0.0043,-0.0106,-0.0012,-0.0061,-0.0144,-0.0039,-0.0137,-0.0128,-0.0042,0.0076,-0.0035,-0.0124,0.0005,-0.003,-0.0054,-0.0107,-0.0157,-0.0036,-0.0096,-0.0055,-0.0007,-0.0122,-0.0006,-0.0048,-0.0087,-0.0092,-0.0044,-0.0128,0.0035,-0.0097,-0.0035,-0.0063,-0.0122,-0.0029,-0.0063,-0.0088,-0.0094,-0.0105,-0.0058,-0.0129,-0.0026,-0.0094,-0.0065,-0.0097,-0.0128,0.0074,-0.0122,-0.0132,0.005,0.0015,-0.0047,0.003,0.005,0.0061,0.0053,-0.0139,-0.0042,-0.0279,0.0004,-0.0116,-0.0143,-0.0098,-0.0089,-0.0007
Actinomycetota,-0.0063,1.0,-0.0035,-0.0019,-0.0024,-0.0005,-0.0065,-0.0108,-0.0052,-0.0099,-0.0066,0.0044,0.0003,-0.0055,-0.0029,-0.0074,-0.0116,-0.009,-0.0137,0.0024,-0.0102,-0.002,-0.0077,-0.0173,-0.007,-0.0086,-0.0068,-0.0155,-0.0074,0.0003,-0.0001,-0.0071,0.0044,-0.0072,-0.0017,-0.0017,-0.0031,-0.0037,-0.0135,-0.0057,-0.0009,-0.0073,0.002,-0.0144,0.0075,-0.0046,0.0039,-0.0076,-0.0033,-0.0132,-0.0138,-0.0167,-0.0046,-0.0166,-0.0043,-0.007,-0.0006,-0.017,-0.0157,-0.0178,0.0024,-0.0068,-0.0108,-0.0054,0.0034,-0.0035,-0.0038,-0.0141,-0.0071,-0.0032,-0.0155,-0.0153,-0.006,-0.0026,-0.0138,-0.0049,-0.0079,-0.0057,-0.0117,-0.0167,-0.006,-0.0115,-0.012,-0.0004,0.0096,-0.0013,-0.0136,-0.0042,-0.0015,0.0007,0.001,-0.0008,-0.0129,-0.0131,-0.006,-0.0009,-0.0109,-0.0004,-0.0007,-0.0132,0.01,-0.0027,0.0036,-0.0055,0.0029,-0.009,-0.0094,-0.0155,0.0117,-0.0097,-0.0091,-0.0064,-0.0147,-0.0047,-0.0011,-0.0052,-0.0042,-0.0126,-0.0019,0.0,-0.0116,-0.003,-0.011,-0.0043,-0.0096,-0.0118,-0.0104,-0.0113,-0.0027,-0.0039,-0.0077,-0.0005,-0.0132,0.0025,-0.0108,0.0004,-0.006,-0.0041,-0.005,-0.0031,-0.0167,-0.0027,-0.0033,-0.0086,-0.015
Aquificota,-0.0003,-0.0035,1.0,-0.0142,-0.0092,-0.0014,-0.01,-0.0093,-0.0013,-0.0179,-0.0085,0.0039,-0.0101,-0.015,-0.002,-0.0052,-0.0021,-0.0042,0.007,-0.0068,-0.007,0.0013,-0.0149,-0.0106,-0.0078,-0.0102,-0.01,-0.0033,-0.0013,-0.0079,-0.0038,-0.0184,0.0016,0.0061,-0.0013,-0.0054,-0.0073,-0.0088,-0.0053,-0.0146,-0.0075,-0.003,-0.0178,0.0057,0.0023,-0.0045,-0.0001,0.0007,0.0012,-0.0071,0.007,-0.0061,-0.0051,-0.0044,-0.0065,-0.0031,0.0012,-0.0061,-0.0054,-0.0099,-0.0039,-0.0075,-0.0011,0.0028,-0.0079,-0.0036,-0.0026,-0.0138,0.0023,-0.0063,-0.0113,-0.003,0.0082,-0.0054,-0.0128,-0.0101,-0.0134,-0.0069,0.0051,-0.0009,-0.0082,-0.011,-0.0106,-0.0032,-0.0006,-0.0038,-0.0058,-0.0017,-0.0087,-0.0044,-0.0035,0.0027,-0.0108,-0.0095,0.0024,-0.0016,-0.0066,-0.0119,-0.0057,-0.0042,-0.0076,-0.0031,-0.0016,0.0094,-0.0028,-0.008,-0.0208,-0.0044,-0.0084,-0.0064,-0.0025,-0.0064,-0.0047,0.0037,-0.0112,0.0053,-0.0051,-0.0098,-0.0105,-0.0061,-0.004,-0.0046,-0.0076,0.009,-0.0119,-0.0098,-0.0008,-0.0013,-0.0131,-0.005,-0.0015,-0.0023,0.0068,-0.0016,-0.0239,0.001,-0.0138,-0.0112,-0.0013,-0.0056,-0.0063,-0.0032,-0.0184,-0.0123,-0.0098
Armatimonadota,-0.0086,-0.0019,-0.0142,1.0,-0.0145,-0.007,0.0005,-0.0042,-0.0089,-0.0055,-0.0059,0.01,-0.0081,-0.0082,-0.0069,-0.0053,0.001,-0.0108,-0.003,-0.002,0.0032,-0.0185,-0.0051,-0.0125,0.0002,-0.0108,-0.0084,0.0062,-0.0072,-0.0036,-0.004,-0.0032,-0.0137,0.0003,-0.0013,-0.0055,-0.0105,-0.0132,-0.0127,0.0016,-0.0163,-0.0059,0.0024,-0.0072,-0.0147,-0.0127,-0.0052,-0.0043,-0.0021,-0.0089,-0.0033,-0.0121,-0.0116,-0.0135,0.0027,-0.0128,-0.007,0.0011,-0.0095,-0.0195,0.0033,-0.0057,-0.0121,-0.0087,0.0002,-0.0066,0.0001,-0.0132,-0.0058,-0.004,0.0006,-0.0026,0.0027,0.004,-0.0111,0.0005,-0.0095,-0.0006,-0.0066,-0.0134,0.002,-0.0074,-0.0101,-0.0063,-0.0014,-0.008,-0.0002,-0.0054,0.0103,0.0028,-0.0187,-0.0011,-0.0065,-0.0118,-0.0047,-0.0054,-0.011,-0.0093,0.0032,0.0071,-0.006,-0.0017,-0.005,-0.0028,-0.0024,-0.0109,-0.0094,-0.0043,-0.0024,0.0043,-0.0161,-0.0121,-0.0011,-0.0005,-0.0112,-0.0167,-0.0153,-0.0088,-0.0139,-0.0045,0.0004,-0.0105,0.0003,-0.0062,-0.0081,-0.009,-0.0051,-0.0142,-0.0003,0.0039,-0.0003,0.0062,-0.0092,-0.0127,-0.0096,0.0007,-0.0139,-0.0046,-0.0115,-0.0072,0.0026,-0.0078,-0.0098,0.001,-0.0134
Atribacterota,-0.0094,-0.0024,-0.0092,-0.0145,1.0,-0.0127,-0.005,-0.0058,-0.0081,-0.0061,-0.0095,-0.0054,-0.0071,-0.009,-0.0144,-0.0044,0.0039,-0.0134,-0.009,-0.0029,-0.0022,-0.0086,-0.0013,-0.0069,-0.0119,0.0023,-0.0035,-0.0134,-0.0075,-0.0186,-0.0067,0.0058,0.0047,-0.0101,-0.0088,-0.0032,0.0055,0.0012,-0.0088,-0.0006,-0.0016,-0.0119,-0.007,-0.0039,-0.0128,-0.0092,0.0011,-0.0033,0.0038,-0.0066,-0.0071,-0.0057,-0.01,-0.0065,-0.0054,-0.0008,-0.0052,-0.0128,0.0038,-0.0131,-0.0095,-0.0039,-0.0167,-0.0026,-0.0184,0.0,-0.0071,0.0009,-0.0062,-0.012,-0.0023,-0.0033,-0.0069,-0.0051,-0.0098,-0.0104,-0.0045,-0.0138,-0.0068,-0.0013,0.0012,-0.0103,-0.0039,-0.0094,-0.0072,-0.0091,-0.0095,0.0014,-0.0104,0.0033,0.0013,-0.0038,-0.0086,-0.0093,-0.0107,-0.0114,-0.0009,-0.0154,-0.0064,-0.0021,-0.0048,-0.0046,-0.0092,-0.0225,-0.0047,-0.0002,0.0081,-0.0137,-0.0135,-0.0028,-0.0063,-0.0096,-0.0039,0.0072,-0.0066,-0.0025,-0.0031,0.0015,0.001,0.0017,-0.0094,-0.0091,-0.0037,-0.0128,-0.0088,-0.013,-0.0134,-0.0032,0.0009,-0.0098,-0.0075,-0.0059,-0.0033,-0.0121,0.0006,-0.001,-0.0054,-0.0037,-0.0071,-0.0014,-0.0064,-0.0031,-0.0003,-0.0036,-0.0054
Bacillota,-0.0079,-0.0005,-0.0014,-0.007,-0.0127,1.0,-0.0064,0.0001,-0.0053,-0.0065,0.0025,0.0059,-0.0073,0.0024,0.0012,-0.0058,-0.0096,0.0025,0.0019,-0.0048,-0.0005,-0.0099,-0.008,-0.01,-0.0149,-0.0049,-0.0126,-0.0041,-0.004,0.0104,-0.0022,-0.0042,-0.0204,-0.0103,0.0012,-0.0022,-0.0086,-0.0118,-0.002,-0.0074,0.0034,-0.0008,-0.0013,-0.0134,-0.0013,-0.0079,-0.0006,-0.0031,0.0012,-0.005,-0.0129,-0.0094,-0.0101,-0.0089,0.0018,-0.011,-0.007,-0.0117,-0.0085,-0.0068,-0.0076,-0.0072,-0.0066,-0.0037,-0.0019,-0.0179,-0.0052,-0.0005,0.0006,-0.0008,-0.0085,-0.0028,-0.0088,-0.0064,-0.01,-0.0101,-0.0061,0.0003,-0.011,-0.0159,-0.0072,-0.0132,-0.0093,-0.0135,-0.0099,-0.0038,-0.0036,-0.0074,-0.0089,-0.0148,-0.0039,0.0035,-0.006,0.0025,-0.0066,-0.0069,-0.0025,-0.0014,0.0033,-0.0014,-0.0112,-0.0157,-0.0088,-0.0106,-0.0044,-0.0198,-0.007,-0.0048,-0.0091,-0.0051,0.0159,-0.0017,-0.0149,-0.0137,-0.011,-0.0046,-0.0086,-0.0179,-0.0089,-0.0029,-0.0022,-0.0121,-0.0146,-0.0094,-0.0186,0.0009,-0.0029,-0.0067,-0.0097,-0.0081,-0.0031,-0.0051,-0.0065,-0.0018,-0.0068,0.0017,0.0022,-0.0048,-0.0116,-0.0013,-0.0111,-0.0103,-0.0147,-0.0042,-0.0018
Bacteroidota,-0.0106,-0.0065,-0.01,0.0005,-0.005,-0.0064,1.0,-0.0085,-0.0056,-0.0039,-0.0149,-0.0114,-0.0026,0.0021,-0.009,-0.0071,-0.0055,-0.0144,-0.024,-0.0164,-0.0033,-0.0017,-0.0066,0.0083,-0.0037,-0.0044,-0.0055,-0.0013,-0.015,-0.0171,-0.0038,-0.0133,-0.0044,-0.0051,-0.0093,-0.0023,-0.0034,-0.0022,-0.0062,-0.0098,-0.0177,0.005,-0.0061,-0.0117,-0.0013,-0.0049,-0.0014,-0.0041,-0.0086,0.0042,-0.0064,-0.0023,-0.0045,-0.0088,-0.0033,-0.0135,-0.003,-0.0062,-0.0083,-0.0051,0.0016,-0.0142,-0.0025,-0.0118,-0.019,-0.0038,-0.0127,-0.0066,-0.0048,-0.0155,-0.0127,-0.0006,0.006,-0.0091,-0.0146,-0.0033,-0.0075,-0.0069,-0.0144,-0.0069,-0.0124,-0.0086,-0.0098,-0.0144,-0.0104,-0.0078,-0.0039,-0.0028,-0.0075,-0.0032,-0.0072,-0.0112,0.0025,-0.0015,-0.0032,-0.0163,0.0031,-0.003,-0.0125,-0.0057,-0.0007,-0.0136,-0.0087,-0.0025,-0.0185,-0.0112,-0.0007,-0.0134,-0.0055,-0.0062,-0.0012,0.0031,-0.0007,-0.0,-0.0088,-0.0037,0.0062,0.0004,0.0013,-0.0006,-0.0042,0.0046,-0.003,0.0005,-0.0046,-0.0027,-0.0092,-0.003,-0.0178,-0.0008,-0.0155,-0.0015,-0.0141,0.0009,-0.0048,0.0026,-0.007,-0.0044,-0.0082,-0.0043,-0.0047,0.0106,-0.0028,-0.0099,-0.009
Balneolota,-0.0128,-0.0108,-0.0093,-0.0042,-0.0058,0.0001,-0.0085,1.0,-0.0072,-0.0002,-0.0048,-0.0094,-0.0119,-0.0045,-0.0131,-0.0062,-0.0033,-0.0142,-0.0121,-0.0029,-0.0047,-0.0026,-0.0046,-0.004,0.0001,-0.0047,-0.0108,-0.011,-0.0064,0.0078,-0.0095,-0.0135,-0.0087,-0.0173,-0.0059,-0.0033,-0.0069,-0.0039,-0.0078,-0.0057,-0.0013,-0.0102,-0.0064,-0.0056,-0.0121,-0.0004,-0.0038,-0.0073,-0.0063,-0.0005,-0.0024,-0.0055,-0.0078,-0.0121,-0.0021,-0.0084,-0.0131,-0.0133,-0.0079,-0.008,-0.006,-0.0069,-0.0101,0.004,-0.0124,-0.0015,-0.0085,0.0053,-0.0054,0.0018,-0.0088,-0.0103,-0.0064,-0.0138,0.0022,-0.0083,-0.0024,-0.0027,0.0003,-0.0028,-0.0076,-0.0104,-0.0044,-0.0032,-0.013,-0.0055,-0.015,-0.0071,0.0028,-0.0033,-0.0087,-0.0153,0.0019,-0.0139,0.008,-0.0177,-0.001,-0.0116,-0.0007,0.001,-0.0033,-0.0021,-0.009,-0.0134,-0.0101,-0.0015,-0.0133,0.0034,-0.0237,-0.0122,-0.0017,-0.0115,0.0012,0.0021,-0.0142,-0.0082,0.0057,-0.0089,-0.0031,-0.0085,-0.0137,-0.0138,-0.0045,0.0108,-0.0061,-0.0066,-0.0096,-0.0096,-0.0055,-0.0091,0.0018,-0.0069,-0.003,-0.0114,-0.003,0.0038,-0.0168,-0.0047,0.0001,-0.0109,0.0115,-0.0039,-0.0097,-0.0112,-0.0068
Bdellovibrionota,-0.0019,-0.0052,-0.0013,-0.0089,-0.0081,-0.0053,-0.0056,-0.0072,1.0,-0.0079,-0.0087,-0.0045,-0.0092,-0.0088,-0.0124,0.001,-0.0069,-0.0122,-0.0119,-0.0101,0.0042,0.0072,0.0006,-0.0117,0.0047,-0.0039,0.0045,-0.0055,-0.0091,-0.0107,0.0027,-0.0077,-0.006,-0.0054,-0.0141,-0.0095,-0.0118,-0.0002,-0.0005,0.0001,-0.0094,-0.0103,-0.0135,0.0001,-0.0052,-0.0011,-0.0098,-0.0108,-0.0083,-0.0202,-0.0088,-0.0115,-0.0162,-0.008,-0.0038,0.0026,-0.0042,0.0025,-0.0045,0.0002,-0.0092,0.0027,-0.015,-0.007,-0.0104,-0.022,0.0022,0.0014,-0.0016,-0.0068,-0.0072,-0.0139,-0.0016,-0.0006,-0.0065,-0.0042,-0.0022,-0.0026,-0.0076,-0.0033,-0.0025,-0.0058,-0.0118,-0.0121,-0.0059,-0.0049,0.001,-0.0035,-0.0068,-0.0074,-0.011,0.0026,-0.0102,-0.0019,-0.0193,-0.0097,-0.0011,0.0061,-0.0013,-0.0015,-0.0105,0.0036,0.0099,-0.0077,-0.0072,-0.0074,-0.0124,-0.0078,0.0008,-0.013,-0.0005,-0.0008,-0.0081,-0.0106,-0.0194,-0.0074,-0.003,-0.0139,-0.0128,-0.0015,-0.0058,-0.0005,-0.0034,-0.0013,-0.0095,-0.0129,-0.0089,0.0061,0.0036,-0.0108,-0.0071,-0.0039,-0.0024,-0.01,-0.0162,-0.0124,-0.0035,0.0032,-0.0063,-0.0181,0.0003,-0.0194,0.0045,-0.0032,-0.0022
Caldisericota,-0.0064,-0.0099,-0.0179,-0.0055,-0.0061,-0.0065,-0.0039,-0.0002,-0.0079,1.0,-0.0115,-0.0089,-0.0181,0.0003,-0.0013,-0.0153,-0.0026,-0.0001,-0.0093,-0.0041,-0.0077,-0.0091,-0.0113,0.0032,0.0067,-0.0133,0.0036,-0.002,-0.0046,-0.0083,-0.0037,-0.01,-0.0168,0.0084,-0.0122,-0.0111,-0.0073,-0.0166,-0.0099,-0.0126,0.0025,-0.0104,-0.0056,0.003,-0.0045,-0.0109,-0.0101,-0.0087,0.0003,-0.0056,-0.0117,-0.0095,0.0006,-0.02,-0.0002,-0.0058,-0.004,-0.0037,-0.0002,-0.0109,-0.0066,-0.0084,-0.0081,-0.0049,-0.0138,-0.0077,0.0049,-0.0193,-0.0045,0.0004,-0.0155,-0.0035,-0.0078,0.0006,0.0048,-0.003,0.0012,-0.0003,-0.0116,-0.0059,-0.007,-0.0024,-0.0127,-0.0005,0.0021,-0.0083,-0.0092,-0.0114,-0.0001,-0.0023,-0.0077,-0.0109,-0.0084,-0.0118,-0.0114,-0.004,-0.0053,0.0026,-0.0052,-0.0083,-0.0024,-0.0035,0.0058,-0.0023,-0.0131,-0.0129,-0.0074,-0.0146,-0.0111,0.0018,-0.0143,0.0012,-0.0163,-0.0122,-0.0046,-0.0142,-0.0068,0.0018,-0.0103,-0.0124,0.0013,-0.0051,-0.0079,-0.0041,0.0033,-0.002,-0.0102,-0.0082,-0.0013,-0.0121,-0.0177,-0.0057,-0.01,-0.005,0.0008,-0.0064,-0.007,-0.0055,-0.0033,0.0009,-0.003,-0.0085,-0.0018,-0.0087,-0.0166
Calditrichota,-0.0127,-0.0066,-0.0085,-0.0059,-0.0095,0.0025,-0.0149,-0.0048,-0.0087,-0.0115,1.0,-0.0056,-0.0021,-0.0075,-0.0086,0.0088,-0.0047,-0.0154,-0.0013,-0.0084,-0.0039,-0.0029,-0.0061,-0.0024,0.0006,-0.0107,-0.0173,-0.0032,-0.0008,-0.0066,0.0003,-0.0281,-0.0041,0.0048,0.002,0.0034,0.0079,-0.0083,-0.0101,-0.0154,-0.0143,-0.0066,-0.0205,-0.0089,-0.0128,-0.0047,-0.0133,-0.0087,-0.0099,-0.0107,-0.0104,-0.0123,-0.0033,-0.0123,-0.0043,-0.0062,-0.0039,0.0013,-0.0104,-0.0052,-0.0113,0.0006,-0.0014,-0.0161,-0.0118,-0.012,0.0023,-0.0151,0.0037,0.0009,-0.0101,-0.0083,-0.0181,-0.0087,0.0056,-0.0051,-0.0092,-0.0017,-0.0128,-0.0012,-0.0058,-0.0027,-0.006,-0.0056,-0.0053,-0.0046,-0.0014,-0.0097,-0.0036,-0.0144,-0.0095,0.0003,0.0006,-0.0014,-0.0016,-0.0177,-0.005,-0.0097,-0.0105,-0.005,-0.0114,-0.0014,-0.013,0.0007,-0.0042,-0.0125,-0.0004,-0.0079,-0.0025,-0.0164,-0.0092,-0.0007,0.0024,-0.0022,-0.0193,0.0001,0.0002,-0.0119,-0.007,-0.0072,-0.0034,-0.0132,0.0007,-0.0043,-0.0052,-0.0064,-0.0049,-0.0044,0.0015,0.0043,0.0087,-0.0138,0.0042,-0.0077,-0.0067,-0.0169,-0.0014,-0.0041,-0.004,-0.0054,-0.0133,-0.0082,-0.0031,-0.0051,-0.0113
Campylobacterota,-0.0098,0.0044,0.0039,0.01,-0.0054,0.0059,-0.0114,-0.0094,-0.0045,-0.0089,-0.0056,1.0,0.0014,0.0023,-0.0024,-0.013,-0.0041,-0.0092,-0.0044,-0.0143,-0.009,-0.0126,-0.0084,-0.0058,-0.0142,-0.0039,-0.0015,-0.0019,-0.0007,-0.0054,-0.001,-0.0102,-0.0084,-0.0041,0.0079,-0.0002,-0.0136,-0.008,-0.0032,0.0008,0.0034,-0.0118,-0.0116,-0.008,-0.0045,-0.003,-0.0058,-0.0148,-0.0125,-0.0042,-0.0074,0.0059,0.0002,-0.0053,0.0045,-0.0041,-0.0009,-0.0114,-0.0109,0.0003,-0.0118,0.002,-0.0068,-0.0011,-0.0047,-0.0067,-0.0207,0.0018,-0.0079,-0.0106,-0.0085,-0.0149,0.0041,-0.0186,-0.0108,-0.0088,-0.005,-0.0047,0.0014,0.0027,0.0074,0.0005,-0.009,0.0003,-0.0065,-0.0049,-0.0196,-0.0188,-0.0088,-0.0112,0.0001,-0.0075,-0.0135,-0.0092,-0.0026,-0.0069,-0.0083,-0.0155,-0.0015,-0.0155,-0.005,-0.0037,-0.0029,-0.0017,0.0057,-0.0097,-0.0194,-0.004,-0.003,-0.0075,-0.0055,-0.0097,-0.0133,-0.0082,-0.0134,-0.0029,-0.0149,-0.0049,0.0073,-0.011,-0.0071,-0.001,-0.0102,0.0071,-0.007,0.0015,-0.0012,-0.0116,-0.003,-0.0052,-0.0045,-0.0149,-0.0159,0.0067,-0.019,-0.0073,-0.0109,-0.0159,-0.0051,-0.0094,0.0015,0.0003,-0.0059,0.0005,-0.0166
Candidatus.Abawacabacteria,-0.0018,0.0003,-0.0101,-0.0081,-0.0071,-0.0073,-0.0026,-0.0119,-0.0092,-0.0181,-0.0021,0.0014,1.0,-0.0129,-0.003,-0.0012,-0.0017,-0.0053,-0.0033,-0.007,-0.0107,-0.0098,-0.0035,-0.0011,-0.0178,0.0048,-0.0123,-0.0145,0.0032,-0.0042,-0.0077,-0.0055,-0.0071,-0.0092,-0.0072,-0.0074,0.0006,-0.0156,-0.0016,-0.0061,-0.0084,-0.0014,-0.0101,-0.006,-0.0085,0.0031,-0.0093,-0.0079,-0.0071,-0.0006,-0.0034,-0.0199,-0.0162,0.0012,-0.0105,0.0061,-0.0036,-0.0167,-0.0044,-0.0075,-0.0115,-0.0099,0.0078,0.0019,-0.0046,-0.0089,-0.0016,-0.0114,-0.0118,0.0046,-0.0001,-0.005,-0.0094,-0.0065,-0.0168,-0.0047,-0.0078,-0.0065,-0.0037,0.0011,-0.0086,0.0019,-0.0091,-0.0004,-0.019,-0.0077,-0.0054,-0.019,-0.0115,-0.0054,-0.0035,-0.0087,-0.0069,-0.0043,-0.0023,-0.0058,-0.0048,0.005,-0.0038,-0.0081,-0.003,-0.0034,-0.0125,-0.0134,0.0096,-0.0116,-0.0017,-0.0082,-0.0105,-0.0013,-0.0003,-0.0041,-0.0015,0.0005,-0.0073,0.0018,-0.0066,-0.0155,-0.0087,-0.0052,0.0061,-0.0048,-0.0115,-0.0103,0.0012,-0.0012,-0.0103,-0.005,0.0007,-0.0073,-0.009,-0.0009,-0.008,-0.0,0.0015,0.0029,-0.011,-0.0084,-0.0136,-0.007,-0.0128,0.0034,-0.011,-0.0012,-0.011
Candidatus.Absconditabacteria,0.0047,-0.0055,-0.015,-0.0082,-0.009,0.0024,0.0021,-0.0045,-0.0088,0.0003,-0.0075,0.0023,-0.0129,1.0,-0.0104,-0.0164,-0.0045,-0.0077,-0.0025,-0.0023,-0.0001,0.0009,-0.0106,-0.0034,-0.0058,-0.0059,-0.0076,-0.0125,-0.0123,0.0016,-0.0038,-0.0036,-0.0039,-0.0075,0.003,-0.0065,-0.0112,0.0019,-0.0034,0.0007,-0.0117,-0.012,0.0069,-0.0057,-0.0144,-0.0073,-0.0017,-0.0122,-0.0094,-0.0138,-0.0053,-0.0136,-0.0057,-0.0045,-0.0001,-0.0133,-0.0049,0.0054,-0.0038,-0.0013,-0.0065,-0.0061,-0.0082,-0.0124,-0.0147,0.0028,-0.0006,-0.0151,-0.012,-0.0123,0.0032,-0.0057,-0.0054,-0.0091,-0.0112,-0.0028,0.0006,-0.0188,-0.0013,-0.0007,-0.005,-0.0112,-0.013,0.002,-0.0067,-0.0034,-0.0076,-0.0166,-0.0094,0.004,-0.0027,-0.0027,0.0037,-0.0163,-0.0035,-0.0051,-0.0026,-0.0158,-0.0061,-0.0072,-0.0054,-0.0134,0.0014,-0.012,0.0023,-0.0096,-0.0054,-0.0049,-0.0147,-0.0076,-0.0017,-0.0063,-0.0078,-0.0075,-0.0089,-0.009,-0.0052,-0.003,-0.0002,-0.0069,-0.0085,0.0093,-0.0098,-0.0007,-0.0153,-0.0053,-0.0083,-0.0017,0.0045,-0.0111,-0.0068,-0.0025,-0.0075,-0.0006,-0.0045,-0.0111,0.0018,-0.0156,-0.012,-0.0005,-0.007,0.0108,0.0007,0.0015,-0.0073
Candidatus.Adlerbacteria,-0.0009,-0.0029,-0.002,-0.0069,-0.0144,0.0012,-0.009,-0.0131,-0.0124,-0.0013,-0.0086,-0.0024,-0.003,-0.0104,1.0,-0.0069,-0.008,-0.0127,-0.0095,-0.018,-0.0094,0.0001,-0.0015,-0.0013,-0.0078,-0.0128,-0.0095,-0.004,-0.0149,-0.0066,-0.0048,-0.0101,-0.0003,-0.0022,-0.007,-0.0092,-0.0223,0.0027,-0.0008,-0.0054,-0.0058,0.0005,-0.0135,0.0048,-0.0012,-0.0121,-0.0101,-0.0153,-0.0106,-0.0113,-0.0095,-0.0092,-0.009,-0.0043,-0.0138,0.0004,-0.0088,0.0009,-0.0018,-0.0146,-0.0055,-0.0072,-0.0204,-0.0071,-0.0032,-0.013,0.0026,-0.0027,-0.016,-0.0005,-0.0039,-0.0033,-0.001,-0.0018,-0.0006,0.0073,-0.0089,-0.0032,-0.0021,-0.0097,-0.0093,-0.0043,-0.0134,-0.0143,0.0047,-0.0011,-0.0087,-0.0141,-0.0131,-0.0129,-0.0056,-0.0075,-0.0004,-0.0055,0.0084,-0.0099,-0.0057,-0.0073,-0.0088,-0.0104,-0.0058,0.001,-0.0054,-0.008,-0.0162,-0.0056,-0.011,-0.0115,0.0018,-0.0081,0.0022,-0.0002,-0.0136,-0.0021,-0.0201,0.0009,-0.0073,0.0065,-0.0112,-0.0093,-0.0023,-0.0071,-0.012,-0.0002,-0.0052,-0.0118,-0.0074,-0.0058,-0.0079,0.0027,-0.0087,-0.0055,-0.0091,-0.004,-0.007,-0.0026,-0.0066,-0.001,0.0105,0.0038,-0.0199,-0.0111,0.0003,-0.0054,-0.01
Candidatus.Amesbacteria,-0.0008,-0.0074,-0.0052,-0.0053,-0.0044,-0.0058,-0.0071,-0.0062,0.001,-0.0153,0.0088,-0.013,-0.0012,-0.0164,-0.0069,1.0,-0.0037,-0.009,0.0039,-0.0073,-0.0136,-0.0129,-0.01,-0.0119,-0.0114,0.0059,-0.0075,-0.016,-0.0062,-0.0085,0.0009,-0.0087,-0.0038,-0.005,-0.0182,-0.01,-0.0156,-0.0115,-0.0186,-0.0023,-0.001,0.0079,-0.0082,-0.0074,-0.0146,-0.0216,-0.0084,0.0005,-0.0063,-0.0002,-0.0078,-0.0024,-0.0051,-0.0067,-0.0129,-0.0101,0.0003,-0.0135,-0.01,-0.0064,-0.0131,0.0017,-0.007,0.0018,-0.0078,-0.0157,0.0036,0.0099,-0.0015,-0.0036,-0.0126,-0.0044,-0.0033,-0.0022,-0.0115,-0.0263,-0.0079,-0.0085,-0.0091,0.0016,0.0045,-0.005,-0.0116,0.003,0.0039,-0.0012,-0.0041,-0.0016,-0.0062,-0.0018,-0.0047,-0.0058,-0.0082,-0.0151,0.0034,-0.0153,-0.0005,-0.0078,-0.0093,-0.015,-0.0062,0.0021,-0.0015,-0.0149,-0.0022,-0.0074,-0.0063,0.0006,-0.0055,-0.0093,-0.0042,-0.0007,-0.0085,-0.0155,-0.0094,-0.0073,-0.0165,-0.0041,-0.0041,-0.0072,-0.0095,-0.0104,-0.0063,-0.0109,-0.0054,-0.0041,0.0001,-0.0074,-0.0054,-0.0021,-0.0006,-0.006,-0.0144,-0.0084,-0.0006,-0.0093,0.0046,-0.013,-0.0024,-0.0109,-0.0071,-0.0098,-0.004,-0.0083,-0.0083
Candidatus.Aminicenantes,-0.0091,-0.0116,-0.0021,0.001,0.0039,-0.0096,-0.0055,-0.0033,-0.0069,-0.0026,-0.0047,-0.0041,-0.0017,-0.0045,-0.008,-0.0037,1.0,-0.0059,-0.0152,0.0017,-0.0032,-0.0075,-0.006,-0.0041,-0.0099,-0.0028,-0.0083,-0.0042,-0.0101,-0.0067,-0.0081,-0.0073,-0.0181,-0.0053,0.0006,-0.0014,-0.0024,0.0004,-0.0047,-0.0129,-0.0133,-0.02,-0.0054,-0.0094,-0.0103,0.0024,-0.0052,0.0008,-0.0014,-0.0041,-0.012,-0.0096,-0.0082,-0.0043,-0.0118,-0.0094,-0.007,-0.013,-0.0071,-0.0054,-0.0149,-0.0011,-0.0063,-0.0053,-0.011,-0.0043,-0.0042,0.0016,-0.0058,0.0046,-0.0125,-0.0169,-0.0107,-0.0044,0.0055,-0.0038,-0.0183,-0.0056,0.0007,-0.0063,0.0004,0.0028,-0.0138,-0.0054,-0.0131,-0.0132,-0.0024,-0.0096,-0.0076,-0.0185,-0.0016,-0.0042,-0.0088,-0.0081,-0.0064,0.0016,-0.0073,-0.0109,-0.0209,-0.0067,-0.0145,-0.0018,-0.0092,-0.0066,-0.0003,-0.0113,-0.0026,-0.0079,0.0023,0.0062,-0.0061,-0.0092,-0.0013,-0.0051,-0.0078,-0.003,-0.0047,-0.0017,-0.0053,0.0027,-0.0074,-0.0047,0.006,0.0024,-0.0076,-0.006,0.0003,-0.0056,-0.0026,-0.003,-0.0119,-0.0164,-0.0016,-0.0004,-0.0061,-0.0089,-0.0081,-0.0081,-0.001,-0.0122,-0.0081,-0.0072,-0.0056,-0.0179,-0.0055
Candidatus.Andersenbacteria,-0.0021,-0.009,-0.0042,-0.0108,-0.0134,0.0025,-0.0144,-0.0142,-0.0122,-0.0001,-0.0154,-0.0092,-0.0053,-0.0077,-0.0127,-0.009,-0.0059,1.0,-0.009,-0.0109,-0.014,-0.011,-0.006,-0.0097,0.0002,0.0046,-0.015,-0.0064,-0.0108,-0.0053,-0.0001,-0.0125,-0.0062,-0.0157,0.0057,-0.0111,-0.0005,-0.0017,-0.009,0.0024,-0.0048,-0.0064,-0.0126,-0.0013,-0.0059,-0.007,-0.0052,-0.0138,-0.0114,-0.0132,-0.0168,-0.0135,0.0145,-0.0144,-0.0037,-0.0052,-0.0175,-0.006,-0.0031,0.0062,-0.0062,-0.0099,-0.0104,-0.0065,-0.0043,-0.0064,-0.0041,-0.0083,-0.0183,0.0056,-0.0021,-0.0155,0.008,-0.005,-0.0145,0.0018,-0.0046,-0.0133,-0.0186,-0.0075,-0.0151,-0.0086,-0.0119,-0.0151,-0.0035,-0.011,0.001,-0.0011,-0.0131,-0.0011,0.0013,-0.0104,-0.0113,-0.0035,-0.0082,0.0024,-0.0063,-0.0117,0.0063,-0.0101,-0.0091,0.0001,-0.0164,0.0012,-0.0034,-0.0069,0.0066,-0.0079,-0.0057,0.002,-0.0098,-0.0009,0.0013,-0.0062,-0.0063,-0.0045,-0.0023,-0.0073,0.0034,-0.0142,-0.0088,-0.0061,-0.018,-0.0082,-0.0063,-0.0107,-0.0056,-0.0009,-0.0127,-0.003,-0.0094,-0.001,-0.0121,-0.0018,-0.0045,-0.0074,-0.0014,0.0039,-0.0082,-0.0006,-0.0069,-0.0098,-0.0046,-0.0065,0.0021
Candidatus.Azambacteria,-0.0185,-0.0137,0.007,-0.003,-0.009,0.0019,-0.024,-0.0121,-0.0119,-0.0093,-0.0013,-0.0044,-0.0033,-0.0025,-0.0095,0.0039,-0.0152,-0.009,1.0,-0.0023,-0.0036,-0.0042,0.0024,-0.0074,-0.0073,-0.0102,-0.0094,-0.0102,-0.0003,-0.012,0.0057,0.007,-0.0128,-0.003,0.0075,-0.0123,-0.0111,-0.0,-0.0006,-0.0083,-0.0102,-0.0025,-0.0087,-0.0129,-0.0145,0.0004,-0.0119,-0.0174,-0.0168,0.0009,-0.0089,-0.0116,-0.0092,-0.0034,0.0074,-0.0075,0.0047,-0.0024,-0.0129,-0.0065,-0.0134,0.001,-0.0011,-0.0037,-0.0116,-0.0105,-0.0166,-0.0103,-0.0077,0.0037,-0.0195,-0.006,-0.0012,-0.0064,-0.0167,-0.0033,-0.0046,0.0088,0.0038,-0.0044,-0.0083,-0.0029,-0.0046,-0.0029,-0.0033,0.0002,0.0019,-0.0151,-0.0041,-0.0065,-0.0128,-0.0054,-0.0058,-0.0094,0.002,0.0032,-0.0059,-0.0102,-0.0222,-0.0049,-0.0123,-0.0084,-0.0072,-0.0049,0.0021,-0.0131,0.0059,-0.0078,0.0016,-0.0072,-0.0078,-0.0176,-0.0065,-0.0081,0.0059,-0.0062,-0.0145,-0.0124,-0.0083,-0.0077,-0.0085,-0.0107,-0.0037,-0.005,0.0042,-0.0117,-0.0024,-0.0019,0.0029,-0.0102,-0.0143,-0.0044,-0.0072,-0.0033,-0.014,-0.0057,-0.0092,-0.0031,0.0026,-0.0201,-0.001,-0.0154,-0.0067,-0.0074,-0.0035
Candidatus.Bathyarchaeota,-0.0089,0.0024,-0.0068,-0.002,-0.0029,-0.0048,-0.0164,-0.0029,-0.0101,-0.0041,-0.0084,-0.0143,-0.007,-0.0023,-0.018,-0.0073,0.0017,-0.0109,-0.0023,1.0,0.0013,-0.0108,-0.0038,-0.0092,-0.0094,-0.0164,-0.0122,-0.0057,-0.0051,0.0014,-0.0051,-0.0131,-0.0164,-0.0087,-0.0169,-0.007,-0.0058,-0.0075,-0.003,-0.0077,-0.0025,-0.0082,-0.0024,-0.0051,-0.0051,-0.0021,-0.0061,-0.009,-0.0033,-0.0105,-0.0097,-0.0092,0.001,0.0001,-0.0155,-0.0055,-0.0067,-0.0039,-0.0078,-0.0144,-0.0037,-0.0079,-0.0006,-0.0076,-0.0166,-0.0021,0.0021,-0.0043,-0.0067,-0.0127,-0.0112,0.0005,-0.0046,0.0017,-0.0068,-0.0081,-0.0104,-0.0004,-0.0115,-0.0153,-0.0008,0.0042,-0.0042,-0.0005,-0.0093,-0.0141,-0.0073,0.0055,-0.0094,-0.016,-0.0076,-0.0079,-0.0072,-0.0099,-0.0096,-0.0089,-0.0138,-0.004,-0.004,-0.0091,-0.0102,0.008,0.0014,0.0,-0.0145,-0.012,-0.0031,-0.0001,-0.0102,-0.01,0.004,-0.0013,-0.0237,-0.0064,-0.0113,-0.0023,-0.0028,-0.0136,-0.0104,0.0025,-0.0067,0.0044,-0.0116,-0.0001,-0.0003,-0.0091,-0.0022,-0.0178,-0.0001,-0.0002,-0.0003,-0.0104,-0.0078,0.008,-0.0048,-0.0099,-0.0082,0.0083,-0.0147,-0.0099,-0.0091,-0.0091,-0.0045,-0.0143,-0.0107
Candidatus.Beckwithbacteria,-0.007,-0.0102,-0.007,0.0032,-0.0022,-0.0005,-0.0033,-0.0047,0.0042,-0.0077,-0.0039,-0.009,-0.0107,-0.0001,-0.0094,-0.0136,-0.0032,-0.014,-0.0036,0.0013,1.0,-0.0011,-0.0121,-0.0092,-0.0154,0.0038,-0.0058,-0.0026,-0.0136,-0.0095,-0.0258,0.0007,-0.0039,-0.0055,-0.0091,-0.0065,-0.0101,-0.0038,-0.0061,-0.0112,-0.004,-0.0014,0.0006,-0.0005,-0.0051,-0.0132,-0.0107,0.004,0.0052,-0.0055,-0.0009,-0.0047,-0.0127,-0.0104,-0.0095,-0.0003,-0.0124,-0.0086,-0.0088,-0.0127,0.0005,-0.0184,-0.0143,-0.0075,-0.0119,-0.0056,-0.0015,-0.0145,-0.0151,-0.0094,-0.005,0.0014,-0.0033,-0.0065,-0.0025,-0.0003,-0.0192,-0.0108,-0.0124,-0.0172,-0.0044,-0.0037,-0.0049,-0.0064,-0.0133,-0.007,-0.0022,-0.0065,-0.0075,-0.0059,-0.013,-0.0222,-0.0151,-0.0019,-0.0076,0.0042,-0.018,-0.0113,-0.0084,-0.0067,-0.0055,-0.0037,-0.0058,-0.0039,-0.0087,0.006,-0.0208,-0.0038,-0.0099,-0.0013,-0.0078,-0.0019,-0.0031,-0.0095,-0.0063,-0.0053,-0.0021,-0.007,-0.0068,-0.014,-0.003,-0.008,0.0037,0.0028,-0.0205,-0.0077,-0.006,-0.0159,-0.005,-0.0036,-0.005,-0.0091,-0.0058,-0.0058,0.0014,-0.0047,-0.0019,-0.0128,-0.012,-0.0068,-0.0049,0.0019,-0.0029,-0.0013,-0.0061
Candidatus.Berkelbacteria,-0.0016,-0.002,0.0013,-0.0185,-0.0086,-0.0099,-0.0017,-0.0026,0.0072,-0.0091,-0.0029,-0.0126,-0.0098,0.0009,0.0001,-0.0129,-0.0075,-0.011,-0.0042,-0.0108,-0.0011,1.0,-0.0078,-0.0077,-0.0058,-0.0007,-0.0015,-0.0028,-0.0063,-0.0013,-0.0141,-0.0119,-0.0066,0.0072,-0.004,-0.0037,0.0024,-0.007,-0.0175,-0.0164,0.0013,-0.0042,-0.0014,-0.0152,-0.001,-0.0137,0.0012,-0.0019,-0.0144,0.0075,-0.0015,-0.0121,-0.005,-0.0026,-0.0098,-0.0096,-0.0022,-0.0116,0.0063,-0.0004,-0.006,-0.0066,-0.0076,-0.0102,-0.0019,-0.0081,-0.0079,-0.0008,-0.0023,-0.009,-0.0016,-0.0132,-0.0116,-0.0092,-0.0131,0.0045,-0.0204,-0.0003,-0.0061,-0.0059,0.0055,-0.008,-0.0064,0.0001,-0.0092,-0.0089,-0.0069,-0.0107,-0.0052,-0.0086,-0.0015,-0.0048,-0.0043,-0.0105,-0.0081,-0.0049,-0.0065,-0.0039,-0.0077,-0.0105,-0.0151,-0.0178,-0.0079,-0.01,-0.0099,-0.0022,-0.0099,-0.0119,-0.0033,-0.0071,0.0068,-0.0066,-0.0112,-0.0112,-0.0017,-0.0052,-0.0047,0.0012,-0.0009,-0.0057,-0.0061,-0.0006,-0.0098,-0.0056,-0.0011,0.0075,-0.0016,-0.0067,-0.0125,-0.0177,-0.0042,-0.0193,-0.0074,-0.0002,0.0015,-0.0096,-0.016,-0.0071,-0.0115,-0.0071,-0.0095,-0.0132,-0.0184,-0.0033,-0.0076
Candidatus.Blackallbacteria,-0.0037,-0.0077,-0.0149,-0.0051,-0.0013,-0.008,-0.0066,-0.0046,0.0006,-0.0113,-0.0061,-0.0084,-0.0035,-0.0106,-0.0015,-0.01,-0.006,-0.006,0.0024,-0.0038,-0.0121,-0.0078,1.0,-0.0087,0.002,-0.0165,-0.0047,-0.0085,-0.0028,-0.0128,-0.0066,-0.0026,-0.0098,-0.0116,-0.0149,-0.0056,-0.01,-0.0089,-0.0054,0.0095,-0.0088,-0.0048,-0.0187,-0.0184,-0.0088,-0.0074,0.0017,-0.0057,0.0014,-0.0031,-0.007,-0.0109,-0.0011,-0.0014,-0.0059,-0.0081,-0.0026,-0.0025,-0.0054,-0.0109,-0.004,-0.0138,-0.0104,0.001,-0.0012,-0.0207,-0.0063,-0.0214,-0.0032,-0.008,-0.0036,-0.0049,0.0011,-0.0004,-0.011,-0.0135,-0.0008,-0.0051,-0.0148,-0.0054,-0.0075,-0.0114,-0.0043,-0.0086,-0.0031,-0.0096,-0.0067,0.0005,-0.0039,-0.0055,0.0044,-0.0019,-0.0148,-0.0032,-0.0128,-0.0033,-0.013,-0.0051,-0.0174,-0.0009,-0.0138,-0.0058,-0.0073,-0.0076,-0.0075,-0.0041,-0.0106,-0.0218,-0.0074,-0.0004,-0.0046,-0.0093,0.0039,0.0005,-0.0007,-0.0038,0.0012,-0.0151,-0.0026,-0.0107,-0.0012,-0.0035,-0.004,-0.0002,0.0018,0.003,-0.0079,-0.0097,-0.0107,-0.0043,-0.001,-0.0065,-0.0053,-0.0006,0.0014,-0.0047,-0.0069,0.0006,-0.0093,-0.0051,-0.0108,0.0,-0.0023,-0.0159,-0.0034
Candidatus.Blackburnbacteria,-0.0048,-0.0173,-0.0106,-0.0125,-0.0069,-0.01,0.0083,-0.004,-0.0117,0.0032,-0.0024,-0.0058,-0.0011,-0.0034,-0.0013,-0.0119,-0.0041,-0.0097,-0.0074,-0.0092,-0.0092,-0.0077,-0.0087,1.0,-0.0242,-0.0096,-0.0041,-0.0123,-0.007,-0.0054,-0.0172,-0.0043,-0.0137,-0.0112,0.0024,-0.0098,-0.0026,-0.0051,-0.0037,-0.0048,-0.0171,-0.0104,-0.0116,0.0066,-0.0139,-0.0106,-0.0033,-0.0116,-0.0045,-0.0106,-0.0024,-0.0041,0.0013,-0.0008,-0.0039,-0.0053,-0.0096,-0.0048,-0.0079,-0.0041,-0.0086,-0.0013,-0.0081,-0.0094,0.0021,-0.002,-0.0012,-0.0044,-0.0077,0.0004,-0.0077,-0.0101,-0.007,-0.013,-0.0033,-0.0058,-0.0065,-0.0027,-0.0024,-0.0085,0.0068,-0.0125,-0.0027,-0.0094,-0.0016,0.0031,-0.0059,-0.0013,-0.0035,0.0003,-0.0145,-0.0076,-0.008,-0.0076,-0.0038,-0.007,0.0066,0.0026,-0.0085,0.0028,0.0053,0.0054,-0.0186,-0.0151,-0.0008,-0.0091,0.0022,0.0009,0.0089,-0.0126,-0.0032,0.0003,-0.0124,-0.0025,-0.0085,-0.0112,-0.0015,-0.0004,-0.0016,0.0012,-0.0189,-0.0089,0.0,-0.0014,-0.0011,-0.0066,-0.0042,-0.0086,-0.0048,-0.0056,-0.0072,-0.001,-0.0014,-0.013,-0.0108,-0.0103,-0.0087,-0.0037,-0.0158,-0.0084,-0.0112,-0.0071,-0.0236,-0.0035,-0.0019
Candidatus.Buchananbacteria,-0.0014,-0.007,-0.0078,0.0002,-0.0119,-0.0149,-0.0037,0.0001,0.0047,0.0067,0.0006,-0.0142,-0.0178,-0.0058,-0.0078,-0.0114,-0.0099,0.0002,-0.0073,-0.0094,-0.0154,-0.0058,0.002,-0.0242,1.0,-0.0048,-0.0054,-0.0122,-0.0038,-0.0125,-0.0045,-0.0043,-0.0072,-0.009,0.0044,-0.0156,0.0047,-0.0153,-0.0041,0.0019,-0.0037,0.003,0.0097,0.0036,-0.0048,0.0013,-0.0086,-0.0006,-0.0,-0.0156,-0.0024,-0.0036,-0.0003,0.0031,-0.0024,-0.0003,0.0031,0.0056,-0.0081,-0.0124,-0.0025,-0.003,-0.0004,-0.006,-0.0118,-0.0087,-0.0104,-0.0061,-0.0138,-0.0082,-0.0059,-0.0129,-0.0102,-0.0031,-0.0022,0.0027,-0.0074,-0.0019,-0.0121,-0.0042,-0.0084,-0.0032,-0.0062,-0.0065,-0.0093,0.003,0.0005,-0.005,-0.0056,0.0006,-0.0112,-0.0022,-0.0103,-0.0061,-0.0003,-0.0047,-0.0076,-0.0068,-0.0163,-0.0032,-0.0071,-0.0111,-0.0061,-0.0139,-0.0089,-0.0085,-0.0161,-0.0044,-0.0001,0.0029,-0.0007,-0.0041,-0.0084,-0.003,-0.0009,-0.0189,-0.0045,-0.0171,-0.0086,-0.0003,-0.0093,-0.0143,0.0006,-0.0181,-0.0057,-0.0084,-0.0037,-0.0192,-0.0062,-0.0175,0.0056,-0.0079,-0.0182,-0.0075,-0.0159,-0.0101,-0.0029,-0.015,-0.0063,-0.0129,-0.008,-0.0085,-0.0123,-0.0068,0.0015
Candidatus.Campbellbacteria,-0.0047,-0.0086,-0.0102,-0.0108,0.0023,-0.0049,-0.0044,-0.0047,-0.0039,-0.0133,-0.0107,-0.0039,0.0048,-0.0059,-0.0128,0.0059,-0.0028,0.0046,-0.0102,-0.0164,0.0038,-0.0007,-0.0165,-0.0096,-0.0048,1.0,-0.0116,-0.0133,-0.0064,0.0007,-0.0009,-0.0076,-0.0028,-0.004,-0.0031,-0.0089,-0.0018,-0.0104,-0.0035,-0.0159,-0.0113,-0.0054,-0.0164,-0.0076,-0.0127,-0.0048,-0.0161,-0.0035,-0.0057,-0.0103,-0.0075,-0.0068,-0.0033,-0.0132,0.0119,-0.0032,-0.0196,-0.005,-0.0078,0.0008,-0.0065,-0.012,-0.0116,-0.0041,0.0031,-0.0097,-0.0021,-0.0108,0.0003,-0.0076,-0.0088,-0.009,-0.0094,-0.0097,0.0021,-0.0037,-0.0207,-0.0089,-0.0076,-0.0001,0.003,-0.0072,-0.0037,-0.0104,-0.0166,-0.002,-0.0061,-0.0167,-0.0052,0.0011,0.002,-0.008,-0.0065,0.0061,-0.0011,0.0015,-0.0075,-0.0101,-0.0151,0.0044,-0.0002,-0.0085,-0.0085,0.0013,-0.0107,-0.0063,-0.0125,-0.0039,-0.0038,-0.0058,-0.0137,-0.0045,-0.007,0.004,-0.0027,-0.0087,-0.0089,-0.0007,-0.0059,-0.0169,-0.0048,-0.0027,-0.0104,-0.0185,0.0023,-0.0074,-0.0041,-0.0053,-0.0099,-0.0065,-0.005,-0.0098,0.0028,-0.0086,-0.0072,-0.0057,-0.014,-0.0017,0.0009,-0.0012,-0.0051,-0.0009,-0.0075,-0.0068,-0.0018
Candidatus.Chisholmbacteria,-0.0039,-0.0068,-0.01,-0.0084,-0.0035,-0.0126,-0.0055,-0.0108,0.0045,0.0036,-0.0173,-0.0015,-0.0123,-0.0076,-0.0095,-0.0075,-0.0083,-0.015,-0.0094,-0.0122,-0.0058,-0.0015,-0.0047,-0.0041,-0.0054,-0.0116,1.0,-0.0052,-0.0042,-0.0142,-0.0155,-0.0113,-0.0067,-0.0059,-0.0011,-0.003,-0.0117,0.0028,0.002,0.0016,-0.0022,0.0024,-0.0004,-0.0088,-0.0035,-0.0049,-0.0046,-0.0076,-0.0068,-0.0037,-0.0145,-0.0091,-0.0079,-0.0035,-0.01,-0.0101,-0.0029,-0.0108,-0.0054,-0.0086,-0.0068,-0.0005,-0.0125,-0.0064,-0.0127,-0.0112,-0.0002,-0.0105,-0.0029,-0.0039,-0.0141,-0.0038,-0.009,-0.0018,-0.0149,-0.0058,0.0005,-0.0009,-0.0023,0.0019,-0.0058,-0.0137,-0.0098,-0.0086,-0.0078,0.0024,-0.0043,-0.0134,-0.0009,-0.0094,-0.009,-0.0022,-0.0061,-0.011,0.0018,0.0006,-0.0071,-0.0129,-0.0137,-0.0099,-0.0107,-0.0233,-0.0038,-0.0126,-0.0002,-0.012,-0.0119,-0.0085,-0.0095,-0.0099,-0.0081,-0.0056,-0.0016,-0.0097,-0.0064,-0.0039,-0.0009,-0.0137,-0.011,-0.0108,-0.0133,-0.0095,0.0009,-0.0014,-0.0115,0.001,-0.0038,-0.014,-0.009,-0.0029,-0.0117,-0.0093,0.009,-0.0033,-0.0077,-0.0101,-0.0032,-0.0131,0.0032,-0.0109,0.0013,-0.0106,0.0024,-0.0076,0.0057
Candidatus.Cloacimonetes,-0.0124,-0.0155,-0.0033,0.0062,-0.0134,-0.0041,-0.0013,-0.011,-0.0055,-0.002,-0.0032,-0.0019,-0.0145,-0.0125,-0.004,-0.016,-0.0042,-0.0064,-0.0102,-0.0057,-0.0026,-0.0028,-0.0085,-0.0123,-0.0122,-0.0133,-0.0052,1.0,-0.0105,-0.0024,-0.0126,-0.0081,-0.0022,-0.0098,-0.008,-0.0144,-0.0151,-0.0044,-0.0033,-0.0158,0.0033,-0.0115,-0.0048,-0.0052,0.0003,-0.0015,-0.0055,-0.004,0.0013,-0.0144,-0.0017,-0.0048,-0.0011,-0.0091,0.0012,-0.01,-0.0076,0.0024,-0.0055,-0.018,-0.0066,-0.0145,0.0005,-0.0112,-0.0069,-0.0025,-0.0163,-0.0137,-0.0041,-0.0039,-0.0034,-0.0059,-0.007,-0.007,0.0088,-0.0027,-0.0019,0.0034,0.0005,-0.0116,-0.0015,-0.002,0.0058,-0.0026,0.0006,-0.0081,0.001,-0.0113,-0.0035,-0.0106,-0.0025,-0.0038,-0.0122,-0.0119,0.0022,-0.0079,-0.0056,-0.0065,-0.0167,0.0031,-0.0088,-0.0082,-0.0084,0.0003,-0.0026,-0.0129,-0.0049,0.0082,-0.0007,0.0003,-0.0137,-0.0183,-0.018,-0.0059,0.0005,-0.0118,-0.0025,-0.0018,-0.0089,-0.0128,-0.0033,-0.011,-0.0086,-0.01,-0.0105,-0.0149,0.0069,-0.0064,-0.0115,-0.0128,0.0065,-0.0017,-0.0127,0.0046,-0.0057,-0.0095,-0.0124,-0.0185,-0.0021,0.0046,-0.0104,-0.0052,-0.0142,-0.0056,0.0087
Candidatus.Coatesbacteria,-0.0051,-0.0074,-0.0013,-0.0072,-0.0075,-0.004,-0.015,-0.0064,-0.0091,-0.0046,-0.0008,-0.0007,0.0032,-0.0123,-0.0149,-0.0062,-0.0101,-0.0108,-0.0003,-0.0051,-0.0136,-0.0063,-0.0028,-0.007,-0.0038,-0.0064,-0.0042,-0.0105,1.0,0.0004,-0.0062,-0.0051,0.0036,-0.0083,-0.0104,-0.0087,-0.0069,-0.0145,-0.0147,-0.0101,-0.0078,-0.0098,-0.0008,-0.0174,-0.0043,0.0013,-0.0136,-0.0096,-0.0095,-0.0024,0.005,0.0012,-0.0094,-0.0126,-0.0098,-0.0141,-0.007,0.0027,-0.0039,-0.0141,-0.0071,-0.0099,-0.0009,-0.009,-0.0035,-0.0044,-0.0154,-0.0092,-0.0014,-0.0108,-0.0054,-0.0024,-0.0068,-0.0074,-0.0117,-0.0068,-0.0192,-0.0078,-0.005,-0.0127,0.0049,-0.0033,-0.0093,0.003,-0.0049,-0.0063,-0.0013,-0.0048,-0.0024,-0.0031,-0.0039,-0.0047,-0.0035,-0.0092,0.0071,-0.0058,-0.0083,-0.0054,0.0018,-0.0055,-0.0043,0.0041,-0.0035,-0.0093,-0.008,0.0013,-0.002,-0.0028,-0.0008,-0.0009,-0.0081,-0.013,-0.0095,-0.0123,0.0,-0.0092,-0.0172,0.0029,0.0029,-0.0008,-0.0055,-0.0099,-0.0055,-0.0041,-0.0044,-0.0008,0.0014,-0.0082,-0.0019,-0.0127,-0.0077,-0.0022,-0.0093,-0.0053,-0.0195,-0.0082,-0.0016,-0.0086,-0.0092,-0.0063,0.0018,-0.0101,-0.0077,0.0021,-0.0058
Candidatus.Collierbacteria,-0.01,0.0003,-0.0079,-0.0036,-0.0186,0.0104,-0.0171,0.0078,-0.0107,-0.0083,-0.0066,-0.0054,-0.0042,0.0016,-0.0066,-0.0085,-0.0067,-0.0053,-0.012,0.0014,-0.0095,-0.0013,-0.0128,-0.0054,-0.0125,0.0007,-0.0142,-0.0024,0.0004,1.0,-0.0137,-0.019,-0.0023,-0.011,-0.0058,0.003,-0.0,-0.0039,0.0066,-0.0088,-0.0055,-0.0014,-0.0061,-0.0087,-0.0215,-0.003,0.0021,-0.0023,-0.0026,-0.0061,-0.0031,-0.0006,-0.0146,-0.0118,-0.0089,-0.0003,-0.0008,-0.0036,-0.0068,0.0014,0.0022,-0.0003,-0.0005,-0.0075,-0.0016,-0.0045,-0.0095,-0.0021,-0.0039,-0.0083,-0.0141,-0.0168,-0.0023,-0.0052,0.0022,-0.0078,-0.0109,-0.0105,0.0045,-0.0071,-0.0116,0.0084,-0.0079,-0.0072,-0.0108,-0.0014,-0.0128,-0.004,-0.0051,-0.0113,-0.0064,0.0047,-0.0101,-0.0048,-0.0152,0.006,-0.0039,-0.0076,0.0025,-0.0034,0.0047,-0.0035,-0.0113,-0.0041,-0.007,-0.0197,-0.0155,-0.0145,0.0008,-0.0136,-0.0145,-0.0071,0.0047,-0.0026,-0.0032,-0.0149,-0.0016,-0.002,-0.0113,-0.006,-0.0085,-0.0099,-0.0073,-0.0007,-0.0047,-0.0019,-0.0153,-0.0094,-0.0026,-0.0067,-0.0018,0.0047,-0.0146,-0.0072,-0.007,-0.0072,-0.0022,-0.0055,-0.0128,-0.0026,-0.0162,-0.009,-0.0093,0.0001,-0.0052
Candidatus.Colwellbacteria,-0.0042,-0.0001,-0.0038,-0.004,-0.0067,-0.0022,-0.0038,-0.0095,0.0027,-0.0037,0.0003,-0.001,-0.0077,-0.0038,-0.0048,0.0009,-0.0081,-0.0001,0.0057,-0.0051,-0.0258,-0.0141,-0.0066,-0.0172,-0.0045,-0.0009,-0.0155,-0.0126,-0.0062,-0.0137,1.0,-0.0011,-0.0067,-0.0082,-0.0107,-0.012,-0.0038,-0.0102,-0.0053,-0.0067,-0.0067,-0.0111,0.001,0.0011,-0.0101,-0.0037,-0.0049,-0.0128,-0.0143,-0.0034,-0.0109,-0.01,-0.0125,-0.004,-0.0089,-0.005,-0.0064,0.0019,-0.0121,-0.0074,-0.0102,-0.0054,0.0018,0.007,-0.0074,-0.0036,-0.0048,-0.0166,0.0001,-0.0056,0.0053,-0.0032,0.0012,-0.0201,-0.0025,-0.0037,0.0028,-0.006,-0.0186,-0.0135,0.0022,-0.0077,-0.0174,-0.0088,-0.0086,-0.0154,-0.0095,-0.0062,-0.0012,-0.004,-0.0143,-0.0015,-0.0073,-0.0028,-0.0094,-0.0026,0.0044,-0.0009,-0.0028,-0.0049,-0.0136,-0.0093,-0.0138,-0.0098,0.0109,-0.0173,0.0042,-0.0101,-0.0075,-0.0093,-0.0123,-0.0154,0.0033,-0.0112,-0.0018,-0.0112,-0.0106,-0.0011,-0.0089,0.0042,-0.018,-0.0022,-0.0071,-0.0022,0.0016,-0.008,-0.0116,-0.0013,-0.0073,-0.0024,-0.0045,-0.0076,-0.0234,-0.003,-0.0159,0.0011,0.0014,-0.0082,-0.0052,-0.0138,-0.0245,-0.0062,-0.0081,-0.0134,-0.0022
Candidatus.Curtissbacteria,-0.0035,-0.0071,-0.0184,-0.0032,0.0058,-0.0042,-0.0133,-0.0135,-0.0077,-0.01,-0.0281,-0.0102,-0.0055,-0.0036,-0.0101,-0.0087,-0.0073,-0.0125,0.007,-0.0131,0.0007,-0.0119,-0.0026,-0.0043,-0.0043,-0.0076,-0.0113,-0.0081,-0.0051,-0.019,-0.0011,1.0,-0.0123,-0.0111,-0.0059,0.0009,-0.0148,-0.0074,-0.0071,0.0025,0.0042,-0.0164,-0.008,-0.0026,-0.004,0.0037,-0.0048,-0.0016,-0.0087,-0.0133,-0.0015,0.002,-0.0131,-0.0077,-0.0112,-0.0033,-0.0125,0.0013,-0.0071,-0.0109,-0.0077,0.0049,-0.0025,-0.0057,-0.0028,-0.0023,-0.0054,-0.0015,-0.015,-0.0079,-0.0096,-0.0165,-0.0104,-0.0046,0.0066,-0.0109,-0.0085,-0.0,-0.023,-0.0084,-0.0021,-0.0104,0.0015,0.0066,-0.0049,-0.0068,-0.0064,0.0031,-0.015,-0.0118,-0.0198,-0.0087,-0.0019,-0.0038,-0.0043,0.0088,-0.0064,-0.003,0.0046,0.0026,-0.0155,-0.0061,0.001,-0.0081,-0.0048,-0.0118,-0.0079,-0.0047,-0.0051,-0.0067,-0.0089,-0.0083,-0.0162,-0.0133,-0.0074,0.0099,-0.0069,-0.0077,0.0019,-0.0025,-0.0047,-0.0162,-0.0046,-0.011,-0.0034,-0.0069,0.001,-0.0007,-0.0069,-0.0163,-0.0065,-0.0053,-0.001,-0.0089,-0.0118,-0.0043,-0.0144,-0.0096,-0.0018,-0.0006,-0.0005,-0.0076,-0.0144,-0.0104,-0.0109
