,Acidobacteriota,Actinomycetota,Aquificota,Armatimonadota,Atribacterota,Bacillota,Bacteroidota,Balneolota,Bdellovibrionota,Caldisericota,Calditrichota,Campylobacterota,Candidatus.Abawacabacteria,Candidatus.Absconditabacteria,Candidatus.Adlerbacteria,Candidatus.Aenigmarchaeota,Candidatus.Altiarchaeota,Candidatus.Amesbacteria,Candidatus.Aminicenantes,Candidatus.Andersenbacteria,Candidatus.Azambacteria,Candidatus.Bathyarchaeota,Candidatus.Beckwithbacteria,Candidatus.Berkelbacteria,Candidatus.Bipolaricaulota,Candidatus.Blackallbacteria,Candidatus.Blackburnbacteria,Candidatus.Brennerbacteria,Candidatus.Buchananbacteria,Candidatus.Calescamantes,Candidatus.Campbellbacteria,Candidatus.Chisholmbacteria,Candidatus.Cloacimonetes,Candidatus.Coatesbacteria,Candidatus.Collierbacteria,Candidatus.Colwellbacteria,Candidatus.Curtissbacteria,Candidatus.Dadabacteria,Candidatus.Daviesbacteria,Candidatus.Delongbacteria,Candidatus.Desantisbacteria,Candidatus.Diapherotrites,Candidatus.Doudnabacteria,Candidatus.Edwardsbacteria,Candidatus.Eisenbacteria,Candidatus.Falkowbacteria,Candidatus.Firestonebacteria,Candidatus.Fischerbacteria,Candidatus.Fraserbacteria,Candidatus.Giovannonibacteria,Candidatus.Glassbacteria,Candidatus.Gottesmanbacteria,Candidatus.Gracilibacteria,Candidatus.Gribaldobacteria,Candidatus.Handelsmanbacteria,Candidatus.Harrisonbacteria,Candidatus.Heimdallarchaeota,Candidatus.Huberarchaea,Candidatus.Hydrogenedentes,Candidatus.Jacksonbacteria,Candidatus.Jorgensenbacteria,Candidatus.Kaiserbacteria,Candidatus.Kerfeldbacteria,Candidatus.Komeilibacteria,Candidatus.Korarchaeota,Candidatus.Kuenenbacteria,Candidatus.Levybacteria,Candidatus.Lindowbacteria,Candidatus.Liptonbacteria,Candidatus.Lloydbacteria,Candidatus.Lokiarchaeota,Candidatus.Magasanikbacteria,Candidatus.Margulisbacteria,Candidatus.Marinimicrobia,Candidatus.Melainabacteria,Candidatus.Micrarchaeota,Candidatus.Microgenomates,Candidatus.Moranbacteria,Candidatus.Nanohaloarchaeota,Candidatus.Nealsonbacteria,Candidatus.Niyogibacteria,Candidatus.Nomurabacteria,Candidatus.Odinarchaeota,Candidatus.Omnitrophica,Candidatus.Pacebacteria,Candidatus.Parcubacteria,Candidatus.Peregrinibacteria,Candidatus.Portnoybacteria,Candidatus.Ratteibacteria,Candidatus.Raymondbacteria,Candidatus.Riflebacteria,Candidatus.Roizmanbacteria,Candidatus.Rokubacteria,Candidatus.Ryanbacteria,Candidatus.Saccharibacteria,Candidatus.Schekmanbacteria,Candidatus.Shapirobacteria,Candidatus.Spechtbacteria,Candidatus.Staskawiczbacteria,Candidatus.Sumerlaeota,Candidatus.Sungbacteria,Candidatus.Tagabacteria,Candidatus.Taylorbacteria,Candidatus.Tectomicrobia,Candidatus.Terrybacteria,Candidatus.Thermoplasmatota,Candidatus.Thorarchaeota,Candidatus.Uhrbacteria,Candidatus.Veblenbacteria,Candidatus.Vogelbacteria,Candidatus.Wallbacteria,Candidatus.Wildermuthbacteria,Candidatus.Wirthbacteria,Candidatus.Woesearchaeota,Candidatus.Woesebacteria,Candidatus.Wolfebacteria,Candidatus.Woykebacteria,Candidatus.Yanofskybacteria,Candidatus.Yonathbacteria,Candidatus.Zambryskibacteria,Chlamydiota,Chlorobiota,Chloroflexota,Chrysiogenota,Coprothermobacterota,Cyanobacteriota,Deferribacterota,Deinococcota,Dictyoglomota,Elusimicrobiota,Euryarchaeota,Fibrobacterota,Fusobacteriota,Gemmatimonadota,Ignavibacteriota,Kiritimatiellota,Lentisphaerota,Mycoplasmatota,Myxococcota,Nanoarchaeota,Nitrososphaerota,Nitrospinota,Nitrospirota,Planctomycetota,Pseudomonadota,Spirochaetota,Synergistota,Thermodesulfobacteriota,Thermomicrobiota,Thermoproteota,Thermotogota,Verrucomicrobiota,candidate.division.CPR1,candidate.division.CPR2,candidate.division.CPR3,candidate.division.NC10,candidate.division.WOR.3,candidate.division.WWE3,candidate.division.Zixibacteria
Acidobacteriota,1.0,-0.011,-0.0345,-0.0274,-0.0047,-0.0164,-0.0277,-0.009,-0.0245,0.0055,-0.0054,-0.0097,-0.0155,-0.0078,-0.0252,-0.0128,-0.0115,-0.0248,0.0028,-0.0161,-0.0134,0.0095,-0.0215,-0.0119,-0.0182,-0.0128,-0.0208,-0.0113,-0.0143,-0.0124,-0.0018,-0.0187,-0.0115,-0.0063,-0.0168,-0.014,-0.0101,-0.0079,-0.0021,-0.0147,-0.008,-0.0065,-0.016,-0.0072,-0.0154,-0.01,0.002,0.0006,-0.0061,-0.0195,0.0125,-0.0104,-0.0038,-0.0062,-0.0087,0.0029,-0.012,0.0084,-0.0042,-0.0107,-0.0022,-0.0016,-0.002,-0.0121,-0.0083,-0.0098,-0.0159,-0.0066,-0.0106,-0.0072,-0.0187,-0.0052,-0.0272,-0.006,-0.0115,-0.0182,-0.0061,-0.0153,0.0014,-0.0136,-0.0199,0.0054,-0.003,0.0127,-0.0263,-0.0103,-0.0144,-0.0007,-0.0029,-0.0055,-0.0221,-0.0067,-0.0182,-0.0338,-0.0027,-0.0165,-0.0238,-0.0014,-0.0031,-0.0015,-0.0151,-0.0039,-0.0105,0.0039,0.0065,-0.0083,-0.0063,0.0046,0.0092,-0.0085,-0.0266,0.0034,-0.0168,-0.0207,-0.0052,-0.0083,-0.0171,-0.0192,-0.0127,-0.0025,-0.012,0.0003,-0.0122,-0.0257,-0.0089,-0.0049,-0.0061,-0.0081,-0.0017,-0.0094,-0.0227,-0.0064,0.0015,-0.013,-0.007,-0.0101,-0.0149,-0.0141,-0.0009,-0.0069,-0.0161,-0.0073,-0.0302,-0.0017,-0.0041,-0.0095,-0.0201,-0.0067,-0.0053,-0.0281,-0.024,-0.0102,-0.0115,-0.0121,-0.0106,-0.0049,-0.0048,-0.0098,-0.0151
Actinomycetota,-0.011,1.0,-0.001,-0.0252,-0.0019,-0.0041,-0.0096,-0.0126,-0.0083,-0.0135,-0.02,-0.0175,0.0079,-0.0017,-0.0143,0.006,-0.0271,-0.0175,-0.0146,-0.0087,-0.0172,-0.0225,-0.0269,-0.0088,-0.0195,-0.0109,-0.0048,-0.0079,-0.0161,-0.0045,-0.0023,-0.0083,-0.0133,-0.0103,-0.0162,-0.0265,-0.0028,-0.0036,-0.0092,-0.0038,-0.0098,0.011,-0.015,-0.0066,0.0021,-0.0087,-0.0226,0.0031,-0.0158,-0.0132,-0.0191,-0.0069,-0.0134,-0.0205,-0.0127,-0.0207,-0.015,-0.0041,-0.0136,-0.0028,-0.0001,0.0054,-0.0179,-0.0182,-0.0106,-0.0122,0.0053,-0.0048,-0.012,-0.003,-0.0133,-0.0041,-0.0175,0.0,-0.0076,-0.007,-0.0162,-0.0218,-0.0294,-0.0129,-0.0102,-0.0222,-0.0235,-0.0157,-0.0102,-0.0295,-0.0119,-0.0245,-0.0077,-0.0155,-0.0255,-0.0057,-0.0053,-0.0096,-0.0009,-0.0082,-0.0096,-0.0149,-0.0101,0.0049,-0.0166,-0.0177,-0.0061,-0.0139,0.0018,-0.0123,-0.0235,-0.0203,0.0141,-0.0142,-0.0154,-0.01,0.0017,-0.0101,-0.0133,-0.0132,0.0053,-0.025,-0.0244,-0.0088,-0.0011,-0.027,-0.009,-0.0187,-0.0209,-0.0065,-0.0085,0.0062,-0.0002,-0.0064,-0.0057,-0.0048,-0.0043,-0.0099,-0.0179,-0.0031,-0.0098,-0.003,-0.0119,-0.0103,-0.0116,-0.0014,0.0002,-0.016,-0.0033,-0.0056,-0.0101,-0.017,-0.0191,-0.0029,-0.0047,-0.0167,0.0007,-0.0141,-0.0026,0.0036,-0.0191,-0.0094,-0.0135
Aquificota,-0.0345,-0.001,1.0,-0.0144,-0.0225,-0.0104,-0.019,-0.0078,-0.0036,-0.0152,-0.0148,-0.0072,-0.0238,-0.0083,-0.0216,-0.0114,-0.005,-0.0123,-0.0061,-0.0115,-0.0132,-0.0082,-0.0123,-0.0059,-0.0088,-0.0267,-0.0215,-0.0071,-0.0183,0.0006,0.0044,-0.009,-0.0009,-0.0214,0.0114,-0.0178,-0.0089,-0.0222,-0.0107,-0.0083,-0.0141,-0.008,-0.0023,-0.0092,-0.0052,-0.0296,-0.0142,0.01,-0.0042,-0.0093,-0.0191,-0.0106,0.0004,-0.0061,-0.0017,-0.0137,-0.0111,-0.0176,-0.0069,-0.0086,-0.0206,-0.0027,-0.0114,-0.0159,-0.0202,-0.0046,-0.0111,-0.0136,-0.0121,-0.03,0.0053,-0.0183,-0.0071,-0.0103,-0.0059,-0.0177,-0.0015,-0.0016,-0.0201,-0.0107,-0.005,-0.0073,0.0076,-0.0233,-0.0008,0.0004,-0.0041,-0.0099,-0.0148,-0.018,-0.0215,-0.0,-0.0163,-0.0033,0.01,-0.0094,0.0007,-0.0215,-0.0149,-0.0096,-0.0037,-0.0244,-0.0119,-0.0076,-0.016,-0.0155,-0.0076,0.0043,-0.0151,-0.0036,-0.0116,-0.0175,-0.0096,-0.004,-0.0136,-0.0067,-0.0184,-0.0155,-0.0132,-0.0085,-0.0073,0.0036,-0.0022,-0.012,-0.0095,-0.0108,0.0047,-0.0215,-0.0041,-0.0077,0.0013,0.0022,-0.014,-0.0221,-0.0103,-0.0204,0.007,-0.0024,-0.0081,-0.0221,-0.0166,-0.0114,-0.0098,-0.004,-0.0118,-0.0085,-0.0111,-0.0163,-0.0072,0.0097,0.0048,-0.0038,-0.0123,0.0062,-0.0074,-0.0194,0.0102,0.0005,-0.0289
Armatimonadota,-0.0274,-0.0252,-0.0144,1.0,-0.0191,-0.0142,-0.0107,-0.0112,-0.0107,-0.0063,-0.0087,-0.0128,-0.0004,-0.0047,-0.0199,-0.0128,-0.0041,-0.0102,-0.0257,-0.0142,0.0072,-0.0127,-0.0007,-0.0223,-0.0098,-0.0109,-0.0157,-0.0246,-0.0111,-0.003,-0.0055,0.006,-0.0269,-0.0071,-0.029,0.0021,-0.0229,-0.015,-0.0022,-0.0101,-0.0005,-0.0052,-0.0056,0.0034,-0.0184,-0.0182,-0.0107,-0.0098,-0.0139,-0.0083,-0.0042,-0.0135,-0.019,-0.012,-0.0038,-0.0015,-0.0115,-0.0103,-0.0171,-0.0166,-0.0115,-0.0088,-0.0068,-0.0005,-0.014,-0.0094,0.0066,0.0001,-0.0148,-0.0065,-0.006,0.0039,-0.0233,-0.0233,-0.0102,-0.0189,-0.0186,-0.0113,-0.0022,-0.0136,-0.0159,-0.0143,-0.0033,0.0146,-0.0127,-0.021,0.0018,-0.016,-0.0061,-0.0065,-0.0092,0.007,0.0001,-0.0083,-0.0079,-0.0106,-0.0111,0.0004,-0.0057,-0.0081,-0.0009,0.012,-0.015,0.0054,-0.0117,-0.0175,-0.0255,-0.0051,-0.005,-0.0254,-0.0077,-0.0059,-0.002,-0.0086,-0.011,-0.0104,-0.0044,-0.0163,-0.0007,-0.018,0.004,-0.0006,-0.0026,0.0015,-0.0026,-0.0086,-0.0113,-0.0055,-0.0047,-0.0082,-0.0078,-0.0205,0.0029,-0.0136,-0.0249,-0.0239,-0.0123,-0.0066,-0.0123,-0.0133,-0.01,-0.002,-0.0043,0.0033,-0.0224,-0.0034,-0.0079,0.016,-0.0173,-0.0047,-0.0162,-0.0113,-0.0142,-0.0084,-0.0196,-0.0043,-0.0146,-0.0178,-0.0053
Atribacterota,-0.0047,-0.0019,-0.0225,-0.0191,1.0,0.0007,0.0028,-0.0123,-0.0165,-0.0106,-0.0139,-0.0301,-0.008,-0.0163,-0.0112,0.0027,-0.0154,-0.011,-0.0149,-0.011,-0.0144,-0.0214,-0.0079,-0.0095,-0.007,-0.011,-0.0013,-0.0086,-0.0205,-0.0012,-0.0063,-0.0065,-0.0099,-0.0257,-0.0157,0.004,-0.0046,-0.0058,-0.0039,-0.0136,0.0033,-0.0109,0.0023,0.0106,-0.018,-0.007,-0.0156,0.0013,-0.0184,-0.0106,0.004,-0.0163,-0.011,-0.0053,-0.0033,-0.0067,-0.0121,-0.0076,-0.0038,-0.0053,-0.0128,-0.0079,-0.0168,0.0007,-0.0133,-0.0025,-0.01,0.0006,-0.0034,-0.0076,-0.0164,-0.0165,-0.0203,0.0008,-0.0114,-0.0112,-0.0039,-0.0197,-0.0025,-0.0283,-0.0107,-0.0065,-0.0152,-0.0136,-0.0009,-0.0225,-0.0203,-0.0125,-0.014,-0.0241,-0.0003,0.0006,0.0009,-0.0108,-0.0085,-0.0091,-0.0031,0.005,-0.0057,-0.0054,-0.0224,-0.0138,-0.0138,-0.004,-0.0076,-0.0035,0.0004,0.0018,0.0027,0.0024,-0.0085,-0.0214,-0.0039,-0.0118,-0.0204,-0.0108,-0.0305,-0.021,-0.0065,-0.0238,-0.0066,-0.0112,-0.0256,-0.0144,-0.0247,-0.0019,-0.0057,-0.0138,0.0032,-0.0136,-0.0142,-0.0199,-0.0167,-0.0043,-0.0086,-0.0038,-0.0216,-0.0104,0.0023,0.0002,0.0026,-0.0119,-0.0173,-0.0145,-0.013,-0.0073,-0.0156,-0.0244,-0.0086,-0.0129,-0.02,-0.0096,-0.0075,-0.009,-0.0037,-0.0208,-0.0094,-0.0204,0.001
Bacillota,-0.0164,-0.0041,-0.0104,-0.0142,0.0007,1.0,-0.0075,-0.0107,-0.0016,-0.0128,-0.0164,-0.0004,0.0028,-0.0071,-0.0019,-0.0215,-0.01,-0.0246,0.0012,-0.0251,-0.0063,-0.015,-0.0097,0.0011,-0.0108,-0.0173,-0.0072,-0.0077,-0.0111,-0.0168,0.0003,-0.0228,-0.008,-0.0034,-0.0134,-0.0131,-0.0208,-0.0139,-0.0111,-0.0115,-0.0234,-0.0235,-0.0221,-0.0058,-0.0152,-0.0096,-0.0132,-0.0253,-0.0131,-0.0186,-0.0034,-0.021,-0.0023,0.0003,-0.0026,-0.0056,-0.0146,-0.0039,-0.0134,-0.0043,-0.0081,-0.0161,-0.0108,-0.0066,0.0024,-0.0182,-0.0099,-0.021,-0.0113,-0.008,-0.0115,-0.02,-0.0012,-0.0057,-0.0158,-0.0102,-0.0146,-0.0138,-0.0169,0.0049,-0.0024,-0.0089,-0.0092,-0.0053,-0.0037,-0.0175,-0.0019,-0.0089,-0.005,-0.0037,-0.0237,-0.004,-0.0013,-0.0074,-0.0109,-0.0045,-0.0248,-0.0123,-0.0174,-0.0033,-0.0113,0.0008,0.0062,-0.0137,-0.0127,-0.0007,-0.0119,-0.02,-0.0156,0.0029,-0.023,-0.0064,-0.0245,-0.0152,0.0054,-0.0177,-0.0054,-0.0122,-0.0155,-0.0042,-0.01,-0.0138,-0.0021,0.0025,-0.0154,0.0057,-0.0054,0.0068,-0.015,-0.0061,-0.0196,-0.0174,-0.0131,-0.0008,-0.0139,-0.0073,-0.006,-0.0222,0.0169,-0.0128,-0.0198,0.0107,-0.0126,-0.0071,-0.0126,-0.0116,-0.0015,-0.0136,-0.0185,-0.0031,-0.0183,-0.0129,-0.0108,0.0043,-0.0107,-0.0049,0.0005,-0.0242,-0.0157
Bacteroidota,-0.0277,-0.0096,-0.019,-0.0107,0.0028,-0.0075,1.0,-0.0155,-0.0055,-0.0023,-0.0165,-0.0087,-0.0093,0.0009,-0.0198,-0.0094,-0.0123,-0.0003,-0.0261,-0.0043,-0.013,-0.0161,-0.0023,-0.0,-0.0174,-0.0043,-0.0054,-0.0108,-0.0124,-0.0065,-0.0155,-0.0014,-0.018,0.0024,0.0062,-0.0234,-0.013,-0.0077,0.0031,-0.0043,0.0036,-0.0176,-0.0078,-0.0095,-0.0037,-0.0078,-0.016,-0.0302,-0.0151,-0.0172,-0.016,-0.0047,0.001,-0.0074,-0.0124,-0.0015,-0.01,-0.0112,-0.0084,-0.0235,-0.0017,-0.0132,-0.0114,-0.0049,-0.0093,0.002,0.0003,-0.0187,-0.0141,0.0011,-0.018,-0.012,-0.009,-0.0063,-0.0157,-0.0041,-0.0103,-0.0113,-0.0031,-0.0195,-0.0101,-0.01,-0.0202,-0.0166,-0.0136,-0.004,0.0101,-0.0156,-0.0126,0.0013,-0.0114,-0.0268,-0.0224,-0.0076,-0.0047,-0.0053,-0.0165,-0.0083,-0.0117,-0.0028,-0.0026,-0.0146,-0.0022,-0.0038,-0.0078,0.0097,0.0007,-0.0052,-0.0045,0.0143,-0.004,-0.0096,-0.0187,-0.013,-0.0118,-0.0084,-0.0071,-0.0166,-0.0221,0.0034,-0.0096,-0.0205,-0.007,-0.0242,-0.0084,-0.003,-0.0143,-0.0063,0.0102,-0.0181,0.005,-0.0109,-0.0332,-0.0057,-0.0248,-0.0055,-0.0255,-0.0194,0.0009,-0.0245,0.0053,-0.0125,-0.0191,-0.0169,0.0017,-0.0157,-0.0229,-0.0162,-0.0101,-0.0152,-0.0138,-0.0119,-0.0246,0.0005,0.0054,-0.0093,0.0049,-0.0223,-0.022
Balneolota,-0.009,-0.0126,-0.0078,-0.0112,-0.0123,-0.0107,-0.0155,1.0,-0.0198,-0.0105,-0.0104,-0.0129,-0.0057,-0.0079,-0.0057,-0.0075,-0.0078,-0.0117,-0.009,-0.0103,-0.0101,-0.0127,-0.0151,-0.0103,-0.008,-0.0033,-0.0177,-0.0093,-0.014,-0.0144,-0.0083,-0.0236,0.0016,-0.012,-0.0088,-0.0042,-0.0005,-0.0066,-0.02,-0.0177,-0.0125,0.0049,-0.0198,-0.0052,-0.0024,-0.0244,-0.0118,-0.0079,-0.0038,-0.0076,-0.0011,-0.0155,-0.0121,-0.0063,0.008,-0.0157,0.0014,-0.018,-0.0296,-0.0064,-0.0019,-0.0108,-0.02,-0.0009,-0.0051,-0.0166,-0.0164,-0.0151,-0.016,-0.0052,0.0119,-0.0093,0.0032,0.0131,-0.0266,-0.0108,0.0063,-0.0088,-0.0173,-0.001,-0.0239,-0.0226,-0.0217,-0.0035,-0.0175,-0.0027,-0.003,-0.0139,-0.0097,-0.0144,-0.0091,-0.0006,-0.0124,-0.0137,-0.0133,-0.0,-0.0021,-0.0052,-0.0207,0.0023,-0.0082,-0.0204,-0.0122,-0.0056,-0.0041,-0.0061,-0.005,-0.0152,-0.0133,-0.0056,0.0035,-0.01,-0.0088,-0.0138,-0.0076,-0.0035,0.0008,-0.0062,-0.0239,-0.0139,-0.017,-0.0146,-0.0159,0.0057,0.0014,-0.023,-0.0175,-0.0136,-0.0153,-0.0298,0.0079,-0.0045,-0.0074,-0.0023,-0.0088,0.0055,-0.0035,-0.0039,-0.0114,-0.0159,-0.0008,-0.0037,-0.0075,0.0009,-0.0021,-0.0034,-0.0097,-0.017,-0.0085,-0.0148,-0.0167,-0.0232,-0.0127,0.0012,0.0046,-0.0104,0.0039,-0.0054,0.0088
Bdellovibrionota,-0.0245,-0.0083,-0.0036,-0.0107,-0.0165,-0.0016,-0.0055,-0.0198,1.0,-0.0192,-0.0045,-0.006,-0.0272,-0.0058,-0.0063,-0.0351,0.0049,-0.0146,-0.022,-0.0062,-0.005,-0.019,-0.027,-0.0165,0.0011,-0.0214,-0.0051,0.0027,-0.022,-0.0086,-0.0156,-0.0019,-0.0051,-0.0178,-0.0083,-0.0019,0.0018,-0.0109,-0.0068,-0.0002,-0.0169,-0.0053,-0.0019,-0.0106,-0.0175,-0.0122,-0.006,-0.0141,-0.0028,0.0037,-0.0187,-0.0083,-0.0141,-0.0243,-0.0059,-0.0127,-0.0045,-0.0245,-0.0262,-0.0235,-0.0301,-0.0069,0.0022,-0.0142,-0.0221,-0.0079,-0.0093,0.0005,-0.0121,-0.0142,-0.01,0.0048,-0.0051,-0.0225,-0.0157,-0.0052,-0.0121,0.0014,0.0059,0.0119,0.0014,0.0011,-0.0064,-0.015,-0.021,-0.0196,0.0058,-0.006,-0.0008,-0.0185,-0.0158,-0.0001,-0.0192,-0.0129,-0.0078,-0.0153,-0.0029,0.0071,-0.0211,-0.0163,-0.0176,-0.0305,-0.0152,-0.0122,0.0042,-0.0084,-0.0119,0.0009,-0.0056,0.0007,-0.0071,-0.0016,-0.0018,-0.0207,-0.0134,-0.0165,0.0003,-0.0131,-0.0113,-0.025,-0.02,-0.0087,-0.0105,-0.0177,-0.0081,-0.0057,-0.0181,-0.0146,-0.0067,-0.0,-0.0019,-0.0091,-0.0237,0.0091,-0.0112,-0.0132,-0.0047,-0.0011,-0.0093,-0.0263,-0.0067,0.0035,-0.0134,-0.0097,-0.0107,-0.0186,0.0023,-0.0068,-0.0036,-0.0211,-0.003,0.0034,0.0097,-0.003,0.0003,0.0057,-0.017,-0.0085,-0.0249
Caldisericota,0.0055,-0.0135,-0.0152,-0.0063,-0.0106,-0.0128,-0.0023,-0.0105,-0.0192,1.0,-0.0058,-0.0148,-0.0176,-0.0028,0.0042,-0.0205,-0.0054,-0.0149,-0.0079,-0.0075,-0.0063,-0.0074,-0.008,-0.0025,-0.0189,0.0061,-0.0112,-0.0052,-0.0268,-0.0029,-0.0028,-0.009,-0.0082,-0.0113,-0.0134,-0.0058,-0.008,-0.0046,-0.0274,-0.0323,-0.0036,-0.0064,0.003,-0.024,-0.0134,-0.0121,-0.0259,0.0077,-0.0094,-0.0067,-0.0158,-0.007,-0.0212,-0.0149,-0.0153,-0.0096,-0.0046,-0.0156,-0.0131,0.0038,-0.0151,-0.0102,-0.0143,-0.0058,-0.0059,0.0046,-0.0234,-0.0022,-0.0132,-0.0314,-0.0031,-0.0078,0.0025,-0.0121,-0.0169,-0.0175,-0.0045,-0.0088,0.0092,-0.0075,-0.0186,-0.0037,-0.0094,-0.0156,-0.0222,-0.0021,-0.0098,-0.008,-0.0076,-0.011,-0.0132,-0.0225,-0.0142,0.0043,-0.0048,0.0081,-0.0216,-0.0282,-0.0039,-0.0081,-0.0127,-0.0115,-0.0135,-0.0142,-0.0127,-0.002,-0.0012,-0.0165,-0.0325,-0.0101,-0.0047,-0.0153,-0.0154,0.0048,-0.0016,-0.0137,-0.0111,-0.0068,-0.0036,-0.0204,-0.0071,-0.0309,-0.005,-0.0148,-0.0083,0.0005,-0.0151,0.006,-0.0088,-0.0072,-0.0132,-0.011,-0.0187,0.0013,-0.0036,-0.0234,-0.0171,-0.0033,-0.0201,-0.0128,-0.0195,-0.0064,-0.0051,-0.0085,-0.0147,0.0047,-0.0102,-0.0084,-0.0127,-0.0232,-0.0053,0.0001,-0.01,-0.0063,-0.0026,-0.0147,-0.019,-0.0026,-0.0135
Calditrichota,-0.0054,-0.02,-0.0148,-0.0087,-0.0139,-0.0164,-0.0165,-0.0104,-0.0045,-0.0058,1.0,-0.0014,0.0027,-0.0107,-0.0108,0.0064,-0.009,-0.0054,-0.0009,-0.0168,-0.0189,0.0011,0.0155,0.0042,-0.0062,-0.0124,-0.0152,-0.0053,-0.0135,-0.0057,-0.0139,-0.0039,-0.0193,-0.0101,-0.0184,-0.008,0.0069,-0.0154,-0.0123,-0.0101,-0.0051,-0.0264,-0.022,-0.0095,0.0143,-0.015,-0.0082,-0.0032,-0.0214,-0.0204,-0.0054,-0.0011,-0.0114,-0.0117,-0.0162,-0.0097,-0.0205,-0.0168,-0.0227,-0.007,-0.011,0.0006,-0.0034,-0.0111,-0.0249,-0.006,-0.0158,-0.0189,0.0041,-0.0148,-0.0185,-0.0124,-0.0245,-0.0115,-0.0116,-0.0183,-0.0115,-0.0013,-0.0189,-0.0004,-0.0026,-0.0164,-0.0185,-0.0045,-0.0379,-0.0144,-0.0204,-0.0038,-0.0219,-0.0329,-0.0158,0.0014,0.0005,-0.0207,-0.0035,-0.0051,-0.0083,-0.0042,-0.0127,-0.0023,-0.01,-0.006,-0.0079,-0.0123,-0.0249,-0.0172,-0.0181,0.0007,-0.0204,-0.0155,0.0018,-0.0011,-0.0192,0.0113,0.0033,-0.0231,-0.018,-0.0003,-0.0156,-0.0185,-0.0057,-0.0075,-0.0251,-0.0083,-0.0055,-0.0049,0.0033,0.0046,-0.0219,-0.0041,-0.0195,0.0028,-0.0213,-0.0099,-0.0098,-0.0033,-0.0073,-0.0062,-0.018,-0.0065,-0.0065,-0.0155,-0.0108,-0.0177,-0.0069,-0.0041,-0.0065,-0.0169,-0.0133,-0.0261,-0.0219,-0.0079,-0.0109,-0.0082,-0.0012,-0.0085,0.0003,-0.021,-0.0104
Campylobacterota,-0.0097,-0.0175,-0.0072,-0.0128,-0.0301,-0.0004,-0.0087,-0.0129,-0.006,-0.0148,-0.0014,1.0,-0.0158,-0.0262,-0.0214,-0.0237,0.0053,-0.0056,-0.0116,-0.0093,-0.0088,-0.0216,-0.0141,-0.0028,-0.0167,-0.0276,-0.0028,-0.0039,-0.0136,-0.0122,-0.019,-0.0105,-0.009,-0.0203,-0.0091,-0.0048,-0.002,-0.0081,-0.0074,-0.0262,-0.0059,-0.0043,-0.0081,-0.0204,-0.004,-0.0179,-0.0054,-0.0051,0.0036,-0.0214,-0.0193,-0.0089,-0.0154,-0.0106,-0.0062,-0.0184,-0.0166,-0.0062,0.0006,0.0028,-0.0331,-0.0216,-0.0208,-0.0095,-0.0018,-0.0232,-0.0103,-0.0194,-0.0077,0.0042,-0.0161,-0.0154,-0.0185,-0.0045,-0.0031,-0.0137,-0.0087,-0.0128,-0.0217,0.0037,-0.002,-0.0028,-0.0229,-0.007,0.0032,-0.0094,-0.0114,-0.0142,-0.0165,-0.0121,-0.011,-0.0125,-0.0092,-0.0141,0.0045,-0.0078,-0.0173,-0.033,-0.0068,-0.0096,-0.0047,-0.0216,-0.0062,0.0014,-0.0072,-0.0004,-0.0106,-0.0092,-0.007,-0.0078,-0.0072,-0.0162,-0.0146,-0.0094,-0.0028,-0.0157,-0.0011,-0.01,-0.0066,-0.0244,-0.0091,-0.0154,-0.0033,-0.0135,-0.0064,-0.0066,-0.0065,-0.0127,-0.0111,-0.0074,-0.018,-0.006,-0.0037,-0.0085,-0.0151,-0.01,-0.0031,-0.0033,-0.0126,-0.0015,-0.0206,0.0097,-0.0064,-0.0155,-0.0138,-0.0152,-0.0104,-0.0053,-0.0295,-0.0296,-0.0191,0.0084,0.0009,-0.0043,-0.0015,-0.0014,-0.0029,-0.0112,-0.0095
Candidatus.Abawacabacteria,-0.0155,0.0079,-0.0238,-0.0004,-0.008,0.0028,-0.0093,-0.0057,-0.0272,-0.0176,0.0027,-0.0158,1.0,-0.0174,-0.0176,0.0097,-0.0026,0.0004,-0.0164,-0.0023,-0.0005,-0.0205,0.0065,-0.0016,-0.015,-0.0078,-0.0186,-0.0266,-0.0195,-0.0095,-0.0071,-0.0059,-0.027,-0.003,-0.0139,-0.0032,-0.0106,-0.0182,-0.0052,-0.0157,-0.0077,-0.0233,-0.0116,-0.0036,-0.0073,-0.0008,-0.0199,-0.0012,-0.0179,-0.0233,-0.0167,-0.0038,-0.0145,-0.0128,-0.0094,-0.003,-0.015,-0.0214,-0.0316,-0.0055,-0.0405,-0.0219,0.0001,-0.0098,-0.01,-0.0204,-0.0224,-0.0202,-0.0153,-0.021,-0.0147,-0.0203,-0.0048,-0.0102,0.0043,-0.0047,-0.0148,-0.0141,-0.0206,-0.0164,-0.0014,-0.0175,-0.0185,-0.0075,-0.0025,-0.0015,-0.0226,-0.0173,-0.0073,-0.0002,0.0011,-0.0232,-0.0081,-0.0144,-0.0024,-0.0024,-0.0228,-0.0073,-0.0076,-0.0103,-0.0074,-0.0239,0.0001,-0.0047,-0.0194,-0.0123,-0.0096,-0.0062,-0.0114,0.0051,0.0039,0.0064,-0.0062,-0.0224,-0.0095,-0.0077,0.0051,-0.0155,-0.0135,-0.0092,-0.0094,-0.0182,-0.0092,-0.0054,-0.0119,0.0038,-0.0066,-0.0006,-0.0012,-0.0116,-0.0153,-0.0173,-0.0277,-0.0076,-0.0059,-0.0029,-0.0098,-0.0123,-0.0213,-0.0282,-0.0132,-0.0059,-0.0048,-0.0151,-0.0073,-0.0184,-0.0072,-0.0133,-0.0161,-0.0091,-0.0062,-0.0074,-0.0165,-0.0036,-0.0067,-0.0277,-0.0066,0.0015,-0.0248
Candidatus.Absconditabacteria,-0.0078,-0.0017,-0.0083,-0.0047,-0.0163,-0.0071,0.0009,-0.0079,-0.0058,-0.0028,-0.0107,-0.0262,-0.0174,1.0,-0.0185,-0.0035,-0.0077,-0.0011,-0.0244,-0.0182,-0.0164,-0.0093,-0.005,-0.0086,-0.0085,0.0011,-0.0233,-0.008,-0.0118,-0.016,-0.0082,-0.0065,-0.0039,-0.0044,-0.0273,-0.0066,-0.0025,-0.0064,-0.0003,-0.02,-0.0132,-0.0223,-0.0018,-0.0113,-0.0127,-0.0044,-0.0046,-0.0139,-0.0153,-0.0031,-0.0219,-0.013,-0.0057,0.0027,-0.0038,-0.0003,-0.0016,-0.0335,-0.0168,-0.0107,0.0032,0.0075,0.0031,-0.0028,-0.0098,-0.0056,-0.0099,-0.0055,-0.0053,-0.0083,-0.0283,-0.0197,-0.0271,-0.0007,-0.0152,-0.0004,-0.0144,-0.0181,0.0042,-0.0092,-0.0238,-0.0133,-0.0101,-0.017,-0.0057,-0.0189,-0.0091,-0.004,-0.0201,-0.0064,-0.0138,-0.0165,-0.0138,-0.0281,-0.0239,0.0005,0.0031,-0.0233,-0.0157,-0.0222,-0.0246,-0.0009,-0.0205,-0.0079,-0.0103,-0.0154,-0.0192,0.0011,-0.0063,-0.0071,-0.0092,-0.009,-0.0041,-0.0115,-0.0045,-0.0126,-0.0146,0.0018,-0.0147,-0.0099,0.0064,-0.0115,-0.0041,0.0022,-0.0165,-0.0276,-0.025,-0.0082,-0.008,-0.0325,-0.0183,0.0081,0.0034,-0.0149,-0.0048,-0.0019,-0.0072,-0.006,-0.0059,-0.0064,-0.0069,-0.0083,-0.003,-0.0217,-0.0006,-0.015,-0.0241,0.0086,-0.001,-0.0069,-0.0135,-0.0095,-0.0095,-0.0026,-0.0018,-0.0121,-0.0112,-0.018,-0.0047
Candidatus.Adlerbacteria,-0.0252,-0.0143,-0.0216,-0.0199,-0.0112,-0.0019,-0.0198,-0.0057,-0.0063,0.0042,-0.0108,-0.0214,-0.0176,-0.0185,1.0,-0.0145,-0.0114,-0.0003,-0.01,-0.0067,-0.0109,-0.0207,-0.0161,-0.009,-0.0089,-0.0096,-0.0087,-0.0223,-0.0085,0.0112,-0.0072,0.0013,-0.0229,-0.0147,0.0007,-0.0138,-0.0138,-0.0227,-0.0216,-0.0064,-0.0038,-0.0067,0.0008,-0.0082,0.006,-0.0007,-0.0127,-0.0165,-0.0091,0.0034,0.0092,-0.0039,-0.0142,-0.0148,-0.0054,-0.0186,-0.0168,-0.0166,-0.0081,-0.002,-0.0128,-0.0008,-0.0213,-0.009,-0.0098,-0.0092,0.0007,-0.0032,0.0068,0.0056,-0.0036,-0.0056,-0.0088,-0.0246,-0.0148,-0.0029,-0.0043,-0.0191,-0.0061,-0.0069,-0.0113,-0.0012,-0.0168,0.0029,-0.0057,-0.0183,-0.0147,-0.0164,-0.0096,-0.009,-0.0022,0.0016,-0.0196,-0.0157,-0.0242,0.0017,-0.0073,-0.0053,-0.0116,-0.0035,-0.0065,-0.0071,-0.0197,-0.0089,-0.0099,-0.0246,-0.0209,-0.0147,-0.002,-0.0119,-0.0161,0.0034,-0.0222,-0.013,-0.007,-0.0021,0.0003,-0.0193,-0.0208,-0.0037,-0.0103,0.0039,-0.0205,-0.0168,-0.0231,-0.0021,-0.0189,-0.0091,-0.0109,-0.0017,0.0008,-0.0175,-0.0175,-0.0293,-0.0085,-0.0022,-0.0135,-0.0038,-0.0075,0.0041,-0.0038,0.0049,-0.0037,-0.0241,-0.0141,-0.0191,-0.0145,-0.0085,-0.0125,-0.0225,-0.0133,-0.0196,-0.0343,-0.0134,-0.0028,-0.0213,-0.011,-0.0231,-0.0298
Candidatus.Aenigmarchaeota,-0.0128,0.006,-0.0114,-0.0128,0.0027,-0.0215,-0.0094,-0.0075,-0.0351,-0.0205,0.0064,-0.0237,0.0097,-0.0035,-0.0145,1.0,-0.0186,-0.002,-0.0085,-0.0105,-0.0023,-0.0033,-0.0165,0.0012,0.0037,-0.0134,-0.0134,-0.0201,-0.0161,-0.0197,-0.0189,0.0006,-0.0068,-0.0118,0.0006,-0.0306,-0.0058,0.0017,-0.0077,-0.0118,-0.0053,-0.0056,-0.0034,-0.0129,0.0048,-0.0234,-0.018,-0.0136,-0.011,-0.003,-0.0017,-0.0073,-0.0009,0.002,-0.0063,-0.0139,-0.0136,-0.0127,-0.0173,-0.0205,0.002,-0.0282,-0.009,-0.0102,-0.0284,-0.0155,0.0107,0.0008,-0.0022,-0.0013,-0.0025,-0.0075,-0.0175,-0.0184,-0.0087,-0.0182,-0.0094,-0.0044,0.0017,-0.0123,-0.0098,-0.0051,-0.0169,0.0053,-0.0191,-0.0079,-0.0074,-0.012,-0.0111,-0.0116,-0.008,-0.0144,-0.0121,-0.0092,-0.0125,-0.0047,-0.0031,-0.0104,-0.0172,-0.0082,0.0027,-0.0284,-0.0202,-0.0013,-0.0091,-0.0085,-0.0268,-0.0165,-0.0043,-0.02,-0.0234,-0.0138,0.002,0.0066,-0.0064,0.0047,0.0009,-0.0032,-0.008,-0.0376,-0.0203,-0.0171,-0.0073,-0.0264,-0.0146,-0.0014,-0.0018,-0.0176,-0.0051,-0.0033,-0.0112,-0.0065,0.0038,-0.0098,-0.0041,-0.0037,-0.0071,0.0013,-0.01,-0.0074,-0.013,-0.0209,-0.0065,-0.015,-0.0027,-0.0097,-0.0024,0.0141,-0.0195,-0.02,-0.0145,-0.0137,-0.0241,-0.0105,-0.018,-0.0044,-0.0184,-0.0225,-0.0043
Candidatus.Altiarchaeota,-0.0115,-0.0271,-0.005,-0.0041,-0.0154,-0.01,-0.0123,-0.0078,0.0049,-0.0054,-0.009,0.0053,-0.0026,-0.0077,-0.0114,-0.0186,1.0,-0.0033,-0.0182,-0.0188,-0.0068,-0.0113,-0.024,-0.0148,-0.0173,-0.0069,-0.0205,-0.0352,-0.0205,-0.0092,-0.0196,-0.0025,-0.0161,-0.0087,-0.0193,-0.0156,-0.01,-0.0034,-0.013,-0.0057,-0.0134,-0.0142,-0.0115,-0.0162,-0.0132,-0.014,-0.0231,-0.0086,-0.0077,-0.0152,-0.0152,-0.0223,-0.0036,-0.0129,-0.0128,-0.0273,0.0069,0.0067,0.0006,-0.0156,-0.0238,-0.0155,-0.0068,-0.0053,-0.0094,-0.0106,-0.0119,-0.0145,-0.0078,-0.0206,-0.0102,-0.0196,-0.0096,-0.0011,-0.0169,-0.0304,0.0002,-0.0192,-0.0086,-0.0052,-0.0107,-0.0083,-0.0099,-0.0164,-0.0151,-0.0175,-0.0061,-0.0065,-0.018,-0.0056,0.0034,0.0004,-0.0058,-0.0162,-0.0048,-0.0032,0.0055,-0.0228,-0.0169,-0.0255,-0.0208,0.0012,-0.0074,-0.0069,-0.0182,-0.0092,-0.0035,-0.0022,0.0072,-0.0148,0.003,0.004,-0.0052,-0.0132,0.0069,-0.0117,-0.0009,-0.0109,-0.0029,-0.0187,-0.0064,-0.0196,-0.0173,-0.0077,-0.0289,-0.0057,-0.0137,-0.0274,-0.0007,-0.0099,-0.0129,-0.0123,0.0014,-0.0136,0.0021,-0.0298,-0.0117,-0.0217,-0.0114,-0.0007,-0.0186,-0.0085,-0.0022,-0.0284,-0.0034,-0.0056,-0.0181,0.0009,0.0085,-0.0029,-0.006,0.0078,-0.0268,-0.0039,-0.0136,-0.0104,-0.0102,-0.0275,-0.0074
Candidatus.Amesbacteria,-0.0248,-0.0175,-0.0123,-0.0102,-0.011,-0.0246,-0.0003,-0.0117,-0.0146,-0.0149,-0.0054,-0.0056,0.0004,-0.0011,-0.0003,-0.002,-0.0033,1.0,0.0008,-0.0123,-0.0014,-0.0145,0.0058,0.0011,-0.0298,-0.0159,-0.0165,0.0051,-0.0139,-0.0168,-0.0039,-0.0082,-0.0167,-0.0126,-0.0106,-0.0023,-0.0101,-0.012,-0.0074,-0.0188,-0.0085,-0.0036,-0.0046,0.0012,-0.0064,-0.011,-0.005,-0.0147,-0.0021,-0.004,-0.0292,-0.0189,-0.0165,-0.0032,-0.0026,0.0018,-0.0281,-0.0019,-0.0051,-0.0254,-0.0116,-0.0009,-0.0175,-0.0057,-0.0121,-0.0205,-0.0054,-0.0102,-0.0042,0.0157,-0.0111,-0.0145,-0.0063,0.0015,0.0105,-0.0113,-0.0049,-0.011,-0.0213,-0.0051,-0.0061,-0.0201,-0.0088,-0.0113,-0.01,-0.0002,-0.0259,-0.0005,-0.0122,-0.0063,-0.0319,-0.0107,0.0107,-0.0288,-0.0028,-0.0138,0.001,-0.0026,-0.0079,-0.0236,-0.0285,-0.0155,-0.0144,0.0067,-0.0145,-0.0099,-0.0096,-0.0159,-0.0008,-0.0091,-0.0123,-0.0014,-0.0225,-0.0119,-0.0097,-0.019,-0.0028,-0.0133,-0.023,-0.018,-0.0012,-0.0237,-0.0139,-0.006,-0.014,-0.0107,-0.0092,-0.0105,0.0035,-0.0116,-0.0039,0.0013,-0.0122,0.0004,-0.0043,-0.0317,-0.0191,0.0073,-0.0094,-0.0204,-0.0153,-0.0105,-0.0138,-0.0035,0.0118,-0.0095,0.005,-0.0136,-0.0082,-0.0009,-0.003,-0.0114,-0.0146,-0.0211,-0.0153,-0.0228,-0.0066,-0.0078,-0.001
Candidatus.Aminicenantes,0.0028,-0.0146,-0.0061,-0.0257,-0.0149,0.0012,-0.0261,-0.009,-0.022,-0.0079,-0.0009,-0.0116,-0.0164,-0.0244,-0.01,-0.0085,-0.0182,0.0008,1.0,-0.0294,-0.0317,-0.0213,-0.0019,-0.0001,-0.013,-0.0096,-0.013,-0.0079,-0.0102,-0.0149,-0.0062,0.0093,-0.0012,-0.0113,-0.0143,-0.0011,0.007,-0.0252,-0.002,-0.0164,-0.0191,-0.0028,-0.0099,-0.015,-0.0286,-0.0089,-0.0154,-0.0084,-0.0079,-0.0201,-0.0121,-0.0192,0.0098,-0.0137,-0.0163,-0.004,-0.0114,0.0093,-0.0002,0.0006,-0.0146,-0.0029,-0.0164,-0.0078,-0.0104,-0.0121,-0.0312,-0.0119,0.0116,-0.0126,-0.017,-0.0049,-0.0278,-0.0312,-0.0044,-0.0062,-0.0215,0.0021,-0.01,0.0033,-0.0137,-0.0002,-0.0017,-0.0029,-0.0156,-0.0075,-0.0083,-0.0151,-0.0226,-0.0121,0.0039,-0.0176,-0.0102,-0.029,-0.0289,-0.0224,0.004,-0.0044,-0.0201,-0.0074,0.0096,-0.015,0.0005,-0.0192,-0.0346,0.0029,-0.0174,-0.0187,-0.0149,-0.0209,-0.0089,-0.0149,-0.0293,-0.0139,-0.0061,-0.0144,-0.0198,-0.0101,0.0081,-0.0222,0.0043,-0.0115,-0.0024,-0.0147,-0.0135,-0.0006,-0.0179,-0.0188,-0.0106,-0.0056,-0.0176,-0.0114,-0.0088,0.008,0.0202,-0.0107,-0.0237,-0.0023,-0.0108,-0.0212,-0.0209,-0.0147,-0.0206,-0.0288,-0.0226,-0.0064,-0.0074,-0.0127,-0.0105,-0.0083,-0.0119,-0.0143,-0.0195,-0.0037,-0.0194,-0.0145,0.0047,-0.0084,-0.0084
Candidatus.Andersenbacteria,-0.0161,-0.0087,-0.0115,-0.0142,-0.011,-0.0251,-0.0043,-0.0103,-0.0062,-0.0075,-0.0168,-0.0093,-0.0023,-0.0182,-0.0067,-0.0105,-0.0188,-0.0123,-0.0294,1.0,-0.0171,-0.007,-0.0292,-0.0023,0.003,-0.0131,-0.0068,-0.0143,-0.0023,-0.0087,-0.0101,-0.0238,-0.0099,-0.0145,-0.0227,-0.0247,-0.0073,-0.0212,0.002,-0.0071,-0.0039,-0.0143,-0.0082,-0.0095,-0.0214,-0.0119,0.0118,-0.0093,-0.0072,0.003,-0.0069,-0.0114,-0.0226,0.0047,-0.0045,-0.0088,0.0001,-0.0161,-0.0121,-0.0075,-0.0043,-0.0025,0.0019,-0.0096,-0.0017,-0.005,0.0016,-0.0142,-0.0035,-0.0066,0.0072,0.0009,-0.0183,-0.0234,-0.0105,0.0103,-0.014,-0.0048,-0.0115,-0.0047,-0.0046,-0.006,-0.0181,-0.0174,-0.0074,-0.0178,0.0003,-0.0047,-0.0105,-0.006,-0.0146,-0.0095,0.0011,-0.0151,-0.0114,-0.0136,-0.001,-0.0073,-0.0261,-0.0218,-0.0304,0.0042,-0.0164,-0.0042,-0.007,-0.0026,-0.0098,-0.0091,-0.0058,-0.0101,-0.0292,-0.0065,-0.0033,-0.0138,-0.0064,-0.0054,-0.0038,-0.0115,-0.0053,-0.0235,-0.0027,-0.0029,-0.0117,-0.0112,-0.0064,-0.0091,-0.0093,-0.0215,-0.0129,-0.0017,-0.0116,-0.0156,-0.0198,-0.0187,-0.0236,-0.0125,-0.0051,-0.0206,-0.0023,-0.0041,-0.0183,-0.0039,-0.0019,-0.0145,-0.012,-0.0236,-0.0065,-0.0174,-0.0155,-0.0098,-0.0166,0.0022,0.0102,-0.0152,-0.0239,-0.0222,-0.0154,-0.0102,0.0001
Candidatus.Azambacteria,-0.0134,-0.0172,-0.0132,0.0072,-0.0144,-0.0063,-0.013,-0.0101,-0.005,-0.0063,-0.0189,-0.0088,-0.0005,-0.0164,-0.0109,-0.0023,-0.0068,-0.0014,-0.0317,-0.0171,1.0,-0.0007,-0.0195,-0.0137,-0.0211,-0.0113,-0.0076,-0.0216,-0.0081,-0.0203,-0.0157,-0.0181,-0.0106,-0.0104,-0.0213,-0.014,-0.0115,-0.0161,-0.0235,-0.0021,-0.0018,-0.0206,0.0078,0.0001,-0.0035,-0.0115,-0.0014,-0.016,0.0066,-0.017,-0.0146,-0.0125,-0.0207,-0.0028,-0.0091,0.0005,-0.0202,-0.0101,-0.0124,-0.0107,-0.0096,-0.0093,-0.0068,-0.0054,-0.0156,-0.0171,-0.0153,-0.009,-0.0034,-0.0037,-0.0061,-0.0315,-0.0121,-0.017,-0.0126,-0.0191,-0.0223,-0.0189,-0.006,0.0034,0.0029,-0.0155,-0.0109,-0.0062,0.0019,-0.001,-0.0216,-0.0074,-0.0246,0.0038,-0.0142,-0.0288,-0.022,-0.0108,-0.0284,-0.0038,-0.0094,-0.0052,0.0027,-0.0114,-0.0041,-0.0185,-0.0011,-0.0164,-0.0233,-0.0153,-0.0119,-0.0009,-0.0031,-0.0086,-0.017,-0.0145,-0.0037,-0.0169,-0.0077,-0.0094,-0.013,-0.0044,-0.0039,-0.0058,-0.0106,-0.0106,0.0079,-0.0201,-0.0033,-0.0025,-0.0112,-0.0213,-0.0149,-0.0055,0.004,-0.0113,0.0002,-0.0135,-0.003,-0.0032,-0.0251,-0.0296,0.0007,-0.0088,-0.0161,-0.0112,-0.0149,-0.0064,-0.0035,-0.0242,0.0049,-0.0172,-0.0007,-0.0009,-0.0201,-0.0042,0.0024,-0.0145,-0.0172,-0.0036,-0.0125,-0.005,-0.0141
Candidatus.Bathyarchaeota,0.0095,-0.0225,-0.0082,-0.0127,-0.0214,-0.015,-0.0161,-0.0127,-0.019,-0.0074,0.0011,-0.0216,-0.0205,-0.0093,-0.0207,-0.0033,-0.0113,-0.0145,-0.0213,-0.007,-0.0007,1.0,-0.0149,-0.0259,-0.0119,-0.0152,-0.0145,-0.022,-0.0015,-0.0114,-0.0012,-0.0084,-0.0105,-0.0143,-0.0002,-0.0008,-0.0041,-0.0051,-0.0076,-0.0152,-0.0084,-0.0107,-0.0078,-0.008,0.0017,-0.013,-0.0062,-0.0135,0.0082,-0.022,-0.0213,-0.0048,-0.0284,0.0016,-0.0161,-0.0115,-0.01,-0.0207,0.0009,-0.0181,0.0029,-0.0097,-0.0095,0.0024,-0.0059,-0.0013,-0.009,-0.0046,-0.0139,-0.0051,-0.002,-0.021,-0.0089,-0.0213,0.009,-0.0251,-0.0027,0.0065,-0.025,-0.0123,-0.0164,-0.0126,-0.0001,-0.0081,-0.0056,-0.0109,-0.0183,-0.0263,-0.0046,-0.0143,0.0059,-0.0133,0.0021,-0.0061,-0.0175,-0.0137,0.0042,-0.0096,-0.0083,0.0035,-0.0009,-0.0105,-0.0117,-0.008,-0.0057,-0.0143,-0.0096,-0.0033,-0.0123,-0.0216,-0.0089,-0.0095,-0.0016,-0.0102,-0.0271,0.0029,-0.0225,-0.015,-0.012,-0.0052,0.008,-0.0093,-0.0167,-0.0184,-0.0047,-0.0086,-0.0126,-0.0196,-0.0213,-0.0155,0.002,-0.0226,-0.013,-0.0054,-0.003,-0.0117,0.0116,-0.0102,-0.0058,-0.0109,-0.0185,0.0047,0.0065,-0.0024,-0.0212,-0.0003,-0.0113,-0.0243,0.0056,-0.0227,-0.016,-0.0226,-0.0144,0.0021,-0.0137,-0.0156,-0.0139,-0.0257,-0.009
Candidatus.Beckwithbacteria,-0.0215,-0.0269,-0.0123,-0.0007,-0.0079,-0.0097,-0.0023,-0.0151,-0.027,-0.008,0.0155,-0.0141,0.0065,-0.005,-0.0161,-0.0165,-0.024,0.0058,-0.0019,-0.0292,-0.0195,-0.0149,1.0,-0.0086,0.002,-0.0233,-0.0061,-0.012,-0.006,0.0036,-0.0105,-0.0153,-0.0222,-0.0005,0.0021,-0.0096,-0.0132,0.0009,-0.0096,0.0016,-0.0188,-0.0203,0.0045,-0.0084,-0.0105,-0.0007,-0.0038,-0.015,-0.0175,-0.0056,-0.0186,-0.0082,-0.0105,0.0014,-0.0211,-0.0158,0.0009,-0.0055,-0.0105,-0.008,-0.0143,-0.0038,-0.0123,-0.0116,0.0063,-0.0001,-0.0103,-0.0177,-0.0217,-0.0143,-0.0106,0.004,-0.0173,-0.0196,-0.0031,-0.0068,-0.0117,-0.0157,-0.0164,-0.0151,-0.0132,-0.0096,-0.015,-0.0186,-0.001,-0.0118,-0.0058,-0.0108,-0.0169,-0.0147,0.0029,-0.01,0.0002,-0.0184,-0.0276,-0.0258,-0.0114,-0.0105,-0.0137,-0.0071,-0.009,-0.0148,-0.0094,-0.006,-0.009,-0.0234,-0.0162,-0.013,-0.0069,-0.0032,-0.0191,-0.0069,-0.0038,0.0055,-0.0118,-0.0027,-0.0092,-0.0093,-0.0177,-0.0009,-0.0276,-0.0113,-0.016,-0.0061,-0.0123,-0.0136,-0.0089,-0.0102,0.0055,0.0004,-0.0092,-0.0108,-0.0044,-0.0032,-0.014,-0.0152,-0.0132,-0.0187,-0.0126,-0.0091,0.0064,-0.0289,-0.0261,-0.0029,-0.0146,-0.0132,-0.0089,-0.0194,0.0039,-0.0074,-0.0094,-0.0192,-0.0177,-0.0263,-0.0096,-0.007,-0.0091,-0.0083,-0.0013
Candidatus.Berkelbacteria,-0.0119,-0.0088,-0.0059,-0.0223,-0.0095,0.0011,-0.0,-0.0103,-0.0165,-0.0025,0.0042,-0.0028,-0.0016,-0.0086,-0.009,0.0012,-0.0148,0.0011,-0.0001,-0.0023,-0.0137,-0.0259,-0.0086,1.0,-0.0072,-0.0097,-0.008,-0.0042,-0.016,-0.0119,-0.006,-0.0053,-0.0166,-0.0211,-0.0056,-0.0007,-0.0132,-0.0136,-0.0134,-0.0026,0.0017,-0.0118,0.0028,-0.0294,-0.0017,-0.0139,-0.0135,-0.0073,0.0031,-0.0182,-0.0136,-0.003,0.009,-0.0109,-0.0177,-0.0113,-0.005,-0.017,-0.0092,-0.0195,0.0068,-0.0167,-0.0178,0.0048,0.0078,-0.0019,-0.0048,-0.0036,-0.0195,-0.0119,-0.0033,-0.0009,-0.0062,-0.0149,-0.0017,-0.0064,0.0038,0.004,-0.0032,-0.0181,-0.0118,-0.0137,-0.0176,-0.0156,0.0013,-0.0123,-0.006,-0.028,-0.024,-0.0057,-0.0124,-0.0202,-0.0037,-0.0003,-0.0221,-0.012,-0.0016,-0.0072,-0.0184,-0.0109,-0.0072,-0.0067,-0.0282,-0.0212,-0.0026,-0.0056,-0.0046,-0.0183,0.0032,0.0019,-0.0071,-0.0128,-0.0152,-0.0016,-0.0183,-0.0152,-0.0255,-0.0057,-0.0052,-0.0025,-0.0278,-0.018,-0.0168,0.0191,-0.0084,-0.0019,-0.005,-0.0252,-0.0077,-0.0171,-0.0079,-0.0059,-0.0001,-0.0286,0.0013,-0.0169,-0.0054,-0.0201,0.0069,-0.0057,-0.0202,-0.0181,0.0006,-0.0246,-0.0193,-0.0141,-0.0029,-0.0063,-0.0009,-0.0214,-0.0129,-0.0075,-0.0026,-0.0059,-0.0123,-0.0178,0.007,-0.0105,-0.0117
Candidatus.Bipolaricaulota,-0.0182,-0.0195,-0.0088,-0.0098,-0.007,-0.0108,-0.0174,-0.008,0.0011,-0.0189,-0.0062,-0.0167,-0.015,-0.0085,-0.0089,0.0037,-0.0173,-0.0298,-0.013,0.003,-0.0211,-0.0119,0.002,-0.0072,1.0,-0.0194,-0.0117,-0.0099,-0.0122,-0.0206,-0.0039,0.0034,-0.0064,0.0027,-0.0037,-0.0047,-0.0255,-0.0143,-0.0156,-0.0125,-0.0057,-0.0063,0.0015,-0.0093,-0.014,0.0052,-0.0257,-0.0068,-0.0216,-0.0247,-0.0067,-0.0173,-0.0037,-0.0075,-0.0275,-0.021,-0.0008,-0.016,-0.0226,-0.0007,-0.0089,0.0003,-0.0118,-0.0061,-0.0108,-0.0064,-0.0134,-0.0005,-0.0212,-0.0096,-0.0145,-0.0187,-0.0085,-0.0154,-0.0051,-0.0067,-0.0029,0.0058,-0.0069,-0.006,0.003,-0.0195,-0.0029,-0.0162,-0.0234,-0.0079,-0.0156,-0.0161,0.0003,-0.0164,-0.0328,-0.0092,-0.0075,0.0006,-0.0102,-0.0057,-0.0184,-0.0152,-0.0191,0.0013,-0.0206,0.0004,-0.014,-0.0161,-0.0115,-0.0207,0.0025,-0.0033,0.008,-0.0048,-0.0031,-0.007,-0.0082,-0.0066,-0.0069,-0.0052,-0.0141,-0.0006,-0.0194,-0.0134,-0.0119,-0.0083,-0.0137,-0.0075,-0.0106,-0.0117,0.0075,-0.0311,-0.0138,-0.0168,-0.016,-0.01,-0.0149,-0.0011,0.0188,-0.0037,-0.0089,-0.0163,-0.0238,-0.0031,-0.0078,-0.0103,-0.0069,0.0058,-0.0128,-0.0021,0.0113,-0.0029,-0.0051,-0.0076,-0.0302,-0.0054,-0.0109,0.0036,-0.0245,-0.0104,-0.0014,-0.0113,-0.0147
Candidatus.Blackallbacteria,-0.0128,-0.0109,-0.0267,-0.0109,-0.011,-0.0173,-0.0043,-0.0033,-0.0214,0.0061,-0.0124,-0.0276,-0.0078,0.0011,-0.0096,-0.0134,-0.0069,-0.0159,-0.0096,-0.0131,-0.0113,-0.0152,-0.0233,-0.0097,-0.0194,1.0,-0.0238,-0.0025,-0.0385,-0.0156,-0.009,-0.0033,-0.013,-0.0089,-0.0191,-0.0101,-0.0193,-0.0117,-0.0212,0.0007,-0.0035,0.0001,-0.0079,-0.0215,-0.0081,-0.0062,-0.0126,-0.0052,-0.0164,-0.0162,0.0053,0.0032,-0.0032,-0.015,-0.0059,-0.0123,-0.0104,-0.0099,-0.0116,0.0005,-0.0119,-0.0268,-0.0045,0.0023,-0.0009,-0.0064,-0.0017,0.0087,-0.001,-0.0077,-0.0079,-0.0125,-0.0093,0.0024,-0.005,-0.0218,0.0054,-0.0085,0.0024,-0.0125,0.0076,-0.0153,-0.0196,-0.0078,0.0018,-0.0205,-0.0011,-0.0081,-0.0065,-0.0024,0.0016,-0.0175,-0.0047,0.0019,0.0085,-0.0117,-0.0166,-0.0354,-0.0011,-0.0026,-0.0035,-0.0141,0.0036,-0.007,-0.0154,-0.0215,-0.0202,-0.013,0.0005,-0.011,-0.0154,0.0064,-0.0114,-0.0055,-0.0164,-0.0201,-0.0067,0.0004,-0.0066,-0.0103,-0.026,-0.0135,-0.0173,-0.0175,-0.0166,-0.0167,-0.0126,-0.0104,-0.0068,-0.0022,-0.0118,-0.0035,-0.0112,-0.0067,-0.0193,-0.0191,-0.0175,-0.0109,0.0087,-0.0014,-0.0091,0.0041,-0.0192,-0.0291,0.0027,-0.006,-0.0277,-0.0034,-0.0043,-0.0251,0.0067,-0.0076,-0.0103,-0.0149,-0.0051,-0.0079,-0.0159,-0.005,-0.0035
Candidatus.Blackburnbacteria,-0.0208,-0.0048,-0.0215,-0.0157,-0.0013,-0.0072,-0.0054,-0.0177,-0.0051,-0.0112,-0.0152,-0.0028,-0.0186,-0.0233,-0.0087,-0.0134,-0.0205,-0.0165,-0.013,-0.0068,-0.0076,-0.0145,-0.0061,-0.008,-0.0117,-0.0238,1.0,-0.0046,-0.0183,-0.0211,-0.0095,-0.0164,0.0025,-0.0066,-0.0007,-0.0228,-0.0212,-0.0143,0.0068,-0.0198,-0.0224,-0.0052,-0.0009,-0.0184,-0.0032,-0.0045,-0.0062,-0.0092,-0.0145,-0.0117,0.0001,0.0008,0.004,-0.0043,-0.0185,-0.0168,0.0048,-0.0048,-0.0123,-0.0264,-0.0112,-0.0057,-0.0152,-0.0069,-0.0228,-0.0147,-0.0163,0.0022,-0.0145,-0.0125,-0.0031,-0.0044,-0.0235,-0.0114,-0.0074,-0.01,-0.0018,-0.0176,-0.0091,-0.011,-0.0023,-0.0223,-0.0004,0.0123,-0.0076,-0.0004,-0.0043,-0.015,-0.0124,-0.0129,0.0,-0.0052,-0.0177,-0.0018,-0.0119,-0.0114,-0.011,-0.0013,-0.0079,-0.0036,-0.0047,-0.0077,-0.0009,0.0023,-0.0053,-0.0131,-0.0238,-0.0031,-0.0117,-0.0076,-0.0164,-0.0216,-0.028,-0.0243,0.0088,-0.0154,-0.0024,-0.0084,0.0004,-0.0038,-0.0123,-0.0009,0.0018,-0.0108,-0.0185,-0.0164,-0.0203,-0.0035,-0.0279,-0.008,-0.0208,-0.0168,-0.0143,-0.0156,-0.0122,-0.0162,-0.012,-0.0089,-0.0024,-0.0281,-0.0088,-0.0151,-0.0098,-0.0158,-0.0061,-0.0012,-0.0243,-0.0016,-0.0127,-0.0068,-0.0281,-0.0333,-0.0219,-0.0124,-0.017,-0.0073,-0.0238,-0.0125,-0.0203
Candidatus.Brennerbacteria,-0.0113,-0.0079,-0.0071,-0.0246,-0.0086,-0.0077,-0.0108,-0.0093,0.0027,-0.0052,-0.0053,-0.0039,-0.0266,-0.008,-0.0223,-0.0201,-0.0352,0.0051,-0.0079,-0.0143,-0.0216,-0.022,-0.012,-0.0042,-0.0099,-0.0025,-0.0046,1.0,-0.0084,-0.0058,-0.0197,-0.0044,-0.0074,-0.0088,-0.0088,-0.016,-0.0201,-0.0137,-0.0093,-0.0146,0.0111,-0.0026,-0.0125,-0.0053,0.0025,-0.0071,0.0005,0.0055,-0.0106,-0.0089,-0.0226,-0.0172,-0.0066,-0.016,-0.0048,0.0031,0.0052,-0.002,0.0202,-0.0142,-0.0147,-0.0044,-0.024,-0.0189,-0.0207,-0.0132,-0.0046,-0.0085,-0.0004,-0.0075,-0.0191,-0.0075,-0.0029,0.0084,-0.011,-0.0072,-0.0217,-0.0137,-0.0281,0.0044,-0.0005,-0.0178,-0.0141,-0.0111,-0.0125,-0.0194,-0.0097,-0.0087,-0.0092,0.0061,-0.0342,-0.0139,-0.0071,0.0129,-0.0073,-0.0273,-0.0098,-0.0111,-0.0091,0.0012,-0.0138,-0.0127,-0.0058,0.0065,-0.0165,-0.0155,-0.0176,-0.0236,-0.024,-0.0152,-0.0204,-0.0135,-0.0035,-0.0059,-0.0107,-0.0095,-0.0245,-0.01,-0.004,0.001,-0.0206,-0.0048,-0.0102,-0.0114,-0.0074,-0.0006,-0.0009,-0.0281,-0.0123,-0.0168,-0.0086,-0.0069,-0.021,-0.0021,-0.0213,-0.0098,-0.0099,-0.0068,-0.0176,0.0077,-0.0062,-0.0053,-0.0165,-0.0097,-0.007,-0.0177,-0.0177,-0.011,-0.0073,-0.0136,-0.0199,-0.0075,-0.0152,-0.0099,-0.007,-0.025,-0.0085,-0.0062,-0.0093
Candidatus.Buchananbacteria,-0.0143,-0.0161,-0.0183,-0.0111,-0.0205,-0.0111,-0.0124,-0.014,-0.022,-0.0268,-0.0135,-0.0136,-0.0195,-0.0118,-0.0085,-0.0161,-0.0205,-0.0139,-0.0102,-0.0023,-0.0081,-0.0015,-0.006,-0.016,-0.0122,-0.0385,-0.0183,-0.0084,1.0,-0.0113,-0.0064,-0.0128,-0.0068,-0.0046,-0.009,0.0003,0.0025,-0.0024,-0.0008,-0.0134,-0.0194,-0.0095,-0.0029,-0.0029,-0.0166,-0.0137,-0.0004,-0.024,-0.0141,-0.01,-0.0058,-0.0187,0.0007,-0.0132,0.0032,-0.0241,-0.0126,-0.0184,0.0048,-0.007,0.0074,-0.0072,-0.0053,-0.0152,-0.0126,-0.0161,-0.014,-0.0201,-0.0095,-0.0193,-0.0183,-0.0155,-0.0231,-0.0074,0.0092,-0.0123,-0.0092,-0.0143,-0.0046,-0.0135,-0.001,0.0029,-0.0161,-0.0111,0.0051,0.0013,-0.0063,0.0032,-0.0029,-0.0305,0.0033,-0.0196,-0.0108,-0.0139,-0.0156,-0.0193,-0.0135,-0.0047,-0.0141,-0.007,-0.0057,-0.0007,-0.0276,-0.0273,-0.0006,-0.0077,-0.0105,-0.0189,-0.0045,-0.0203,-0.0184,-0.0137,-0.0111,0.0078,0.003,-0.0089,-0.0268,-0.0142,-0.0205,-0.0081,-0.0025,-0.0146,-0.0296,0.0002,-0.0124,-0.0006,-0.0118,-0.0146,-0.0194,0.0035,-0.0144,-0.0033,-0.0104,-0.0114,-0.0048,-0.0078,-0.0113,-0.0089,-0.0163,-0.0052,-0.0112,0.0016,-0.0064,0.002,0.0121,-0.0121,0.001,-0.0164,0.0107,-0.0229,-0.0165,-0.0113,-0.0125,-0.0062,-0.026,0.006,-0.0012,0.0004,-0.0055
