#OTU ID	Pseudomonadota	Actinomycetota	Chloroflexota	Bacillota	Cyanobacteriota	Candidatus Melainabacteria	Candidatus Margulisbacteria	Deinococcota	Armatimonadota	Mycoplasmatota	Thermomicrobiota	Candidatus Kaiserbacteria	Candidatus Nomurabacteria	Candidatus Yanofskybacteria	Candidatus Azambacteria	Candidatus Falkowbacteria	Candidatus Magasanikbacteria	Candidatus Nealsonbacteria	Candidatus Uhrbacteria	Candidatus Giovannonibacteria	Candidatus Moranbacteria	Candidatus Zambryskibacteria	Candidatus Staskawiczbacteria	Candidatus Wolfebacteria	Candidatus Harrisonbacteria	Candidatus Taylorbacteria	Candidatus Buchananbacteria	Candidatus Portnoybacteria	Candidatus Adlerbacteria	Candidatus Sungbacteria	Candidatus Jorgensenbacteria	Candidatus Liptonbacteria	Candidatus Tagabacteria	Candidatus Ryanbacteria	Candidatus Wildermuthbacteria	Candidatus Komeilibacteria	Candidatus Kuenenbacteria	Candidatus Lloydbacteria	Candidatus Kerfeldbacteria	Candidatus Terrybacteria	Candidatus Yonathbacteria	Candidatus Niyogibacteria	Candidatus Campbellbacteria	Candidatus Colwellbacteria	Candidatus Vogelbacteria	Candidatus Spechtbacteria	Candidatus Brennerbacteria	Candidatus Andersenbacteria	Candidatus Jacksonbacteria	Candidatus Parcubacteria	Candidatus Veblenbacteria	Candidatus Woesebacteria	Candidatus Gottesmanbacteria	Candidatus Roizmanbacteria	Candidatus Levybacteria	Candidatus Daviesbacteria	Candidatus Curtissbacteria	Candidatus Shapirobacteria	Candidatus Beckwithbacteria	Candidatus Amesbacteria	Candidatus Chisholmbacteria	Candidatus Collierbacteria	Candidatus Woykebacteria	Candidatus Pacebacteria	Candidatus Blackburnbacteria	Candidatus Microgenomates	Candidatus Gracilibacteria	candidate division NC10	Candidatus Rokubacteria	Candidatus Handelsmanbacteria	Candidatus Schekmanbacteria	Candidatus Aminicenantes	Candidatus Glassbacteria	candidate division WWE3	Candidatus Peregrinibacteria	Candidatus Doudnabacteria	Candidatus Berkelbacteria	Candidatus Gribaldobacteria	Candidatus Saccharibacteria	Candidatus Eisenbacteria	Candidatus Desantisbacteria	Candidatus Edwardsbacteria	Candidatus Lindowbacteria	Candidatus Ratteibacteria	Candidatus Dadabacteria	Candidatus Firestonebacteria	Candidatus Raymondbacteria	Candidatus Riflebacteria	Candidatus Wallbacteria	candidate division CPR1	Candidatus Coatesbacteria	Candidatus Bipolaricaulota	Candidatus Blackallbacteria	candidate division CPR2	Candidatus Fraserbacteria	Candidatus Fischerbacteria	Candidatus Sumerlaeota	candidate division WOR-3	Candidatus Wirthbacteria	Candidatus Abawacabacteria	Candidatus Absconditabacteria	candidate division CPR3	Candidatus Delongbacteria	Candidatus Calescamantes	Planctomycetota	Candidatus Omnitrophica	Verrucomicrobiota	Lentisphaerota	Chlamydiota	Kiritimatiellota	Thermodesulfobacteriota	Nitrospirota	Campylobacterota	Bacteroidota	Ignavibacteriota	Chlorobiota	Balneolota	Gemmatimonadota	candidate division Zixibacteria	Candidatus Marinimicrobia	Candidatus Hydrogenedentes	Fibrobacterota	Candidatus Cloacimonetes	Elusimicrobiota	Acidobacteriota	Myxococcota	Nitrospinota	Candidatus Tectomicrobia	Spirochaetota	Bdellovibrionota	Synergistota	Caldisericota	Fusobacteriota	Thermotogota	Atribacterota	Chrysiogenota	Aquificota	Calditrichota	Deferribacterota	Dictyoglomota	Coprothermobacterota	Nitrososphaerota	Candidatus Bathyarchaeota	Thermoproteota	Candidatus Korarchaeota	Euryarchaeota	Candidatus Woesearchaeota	Nanoarchaeota	Candidatus Micrarchaeota	Candidatus Diapherotrites	Candidatus Altiarchaeota	Candidatus Aenigmarchaeota	Candidatus Huberarchaea	Candidatus Nanohaloarchaeota	Candidatus Thermoplasmatota	Candidatus Heimdallarchaeota	Candidatus Lokiarchaeota	Candidatus Odinarchaeota	Candidatus Thorarchaeota
Pseudomonadota	1.4424	0.0051	0.0039	-0.0298	0.0052	-0.0005	0.0002	0.0005	0.0007	0.0044	-0.0036	-0.0011	0.0039	0.0008	-0.0004	-0.0042	-0.0014	-0.0001	-0.0033	-0.0007	0.0000	0.0029	0.0058	0.0055	0.0010	-0.0071	-0.0033	-0.0047	0.0013	-0.0035	0.0025	-0.0048	-0.0023	0.0057	0.0015	0.0038	0.0009	0.0042	0.0042	-0.0009	0.0050	-0.0061	-0.0016	-0.0030	0.0031	-0.0021	-0.0019	-0.0009	-0.0053	-0.0052	-0.0015	0.0007	0.0008	0.0060	0.0021	0.0017	0.0036	-0.0023	0.0021	0.0016	-0.0027	-0.0031	-0.0053	0.0001	-0.0046	0.0044	0.0014	-0.0025	-0.0013	-0.0020	0.0038	0.0060	-0.0039	-0.0026	0.0036	0.0029	0.0046	0.0044	-0.0004	-0.0053	-0.0075	0.0022	0.0029	-0.0022	0.0013	-0.0036	-0.0016	-0.0012	-0.0053	0.0058	0.0021	0.0008	0.0052	-0.0029	0.0010	0.0008	0.0017	0.0100	-0.0008	0.0038	-0.0022	-0.0020	-0.0028	-0.0007	0.0001	0.0023	-0.0024	0.0029	-0.0051	0.0002	-0.0001	-0.0038	0.0024	-0.0234	0.0015	0.0028	0.0059	-0.0005	0.0025	0.0025	-0.0028	0.0059	-0.0043	-0.0029	-0.0083	0.0019	-0.0025	0.0010	-0.0043	-0.0085	-0.0024	0.0013	-0.0008	-0.0034	-0.0053	-0.0001	-0.0066	0.0023	-0.0034	0.0039	0.0029	0.0027	0.0005	0.0001	-0.0013	0.0014	0.0074	0.0004	-0.0020	-0.0020	-0.0020	-0.0001	-0.0010	0.0020	0.0018	-0.0006	0.0002	-0.0054	-0.0050
Actinomycetota	0.0051	1.5269	-0.0073	0.0013	0.0024	0.0024	-0.0004	-0.0066	-0.0024	-0.0024	0.0048	-0.0019	-0.0043	0.0014	-0.0015	0.0045	0.0072	-0.0021	0.0002	0.0018	0.0008	-0.0025	0.0005	-0.0009	0.0078	-0.0008	0.0005	0.0002	0.0056	0.0050	0.0011	0.0011	0.0039	-0.0004	-0.0028	0.0013	-0.0028	-0.0028	0.0023	0.0047	-0.0032	0.0013	-0.0021	0.0007	-0.0001	-0.0049	0.0006	-0.0034	0.0049	0.0045	0.0021	-0.0006	0.0025	-0.0010	0.0053	-0.0039	-0.0036	0.0005	-0.0036	0.0024	-0.0028	-0.0033	0.0026	0.0008	0.0004	0.0027	0.0033	-0.0043	-0.0103	-0.0034	-0.0031	-0.0057	-0.0087	0.0025	0.0031	-0.0051	-0.0064	0.0010	-0.0002	0.0044	0.0017	0.0009	-0.0023	0.0048	-0.0054	0.0042	-0.0010	-0.0014	-0.0062	0.0018	-0.0037	-0.0023	0.0052	-0.0062	0.0060	-0.0030	-0.0004	0.0039	-0.0001	-0.0009	-0.0049	0.0019	0.0047	0.0066	-0.0020	-0.0006	-0.0045	0.0045	0.0020	-0.0061	-0.0015	-0.0001	-0.0024	-0.0033	0.0077	-0.0038	-0.0010	-0.0001	0.0020	0.0013	0.0030	-0.0018	-0.0046	0.0012	-0.0004	-0.0001	0.0072	-0.0046	0.0025	0.0007	0.0001	0.0032	0.0013	0.0025	-0.0012	0.0016	0.0070	-0.0041	0.0008	-0.0019	0.0011	-0.0011	-0.0024	-0.0021	-0.0008	-0.0015	-0.0011	-0.0004	0.0012	-0.0096	-0.0035	0.0001	0.0042	-0.0075	-0.0013	0.0019	-0.0031	-0.0023	0.0056
Chloroflexota	0.0039	-0.0073	1.6328	0.0011	0.0019	0.0021	0.0004	0.0058	0.0035	-0.0022	-0.0018	-0.0031	0.0020	0.0014	0.0007	-0.0011	-0.0012	0.0008	0.0017	-0.0032	-0.0001	0.0022	-0.0071	0.0014	-0.0003	0.0017	0.0028	0.0020	-0.0021	-0.0016	-0.0025	-0.0060	-0.0052	-0.0032	0.0013	-0.0037	-0.0074	-0.0011	-0.0051	0.0020	-0.0022	-0.0018	-0.0044	-0.0017	0.0022	-0.0024	-0.0005	-0.0034	-0.0010	-0.0058	0.0033	-0.0049	-0.0035	-0.0059	-0.0030	-0.0022	0.0046	-0.0034	0.0007	0.0027	0.0043	0.0039	0.0019	-0.0007	-0.0077	-0.0037	0.0052	-0.0033	-0.0012	-0.0001	0.0059	0.0025	-0.0048	-0.0027	-0.0057	-0.0029	-0.0097	0.0064	0.0014	0.0036	0.0074	0.0022	-0.0036	-0.0017	0.0053	0.0023	0.0004	-0.0023	-0.0013	-0.0014	0.0022	0.0045	0.0010	-0.0026	-0.0065	-0.0063	0.0033	0.0002	-0.0016	0.0002	0.0041	-0.0002	-0.0004	-0.0005	0.0001	-0.0062	0.0045	0.0039	0.0023	0.0014	0.0038	-0.0036	-0.0091	-0.0012	0.0037	0.0038	-0.0024	-0.0017	-0.0039	-0.0015	-0.0036	-0.0007	0.0014	-0.0005	0.0033	-0.0021	0.0043	-0.0038	0.0023	0.0043	0.0017	0.0023	0.0047	-0.0077	0.0063	-0.0057	-0.0026	0.0052	0.0006	0.0021	0.0013	0.0005	-0.0011	-0.0036	0.0041	0.0040	0.0015	-0.0056	0.0045	-0.0027	-0.0068	-0.0044	0.0038	0.0001	0.0029	0.0036	-0.0033	0.0003	-0.0053
Bacillota	-0.0298	0.0013	0.0011	1.0840	0.0013	-0.0031	-0.0044	-0.0029	-0.0034	-0.0003	-0.0006	0.0008	-0.0056	-0.0015	0.0037	0.0022	0.0004	0.0012	0.0046	0.0025	-0.0009	-0.0027	-0.0010	-0.0009	0.0005	0.0055	-0.0017	-0.0008	-0.0025	0.0028	0.0047	0.0008	-0.0023	0.0031	0.0017	0.0015	0.0046	0.0022	-0.0003	-0.0010	0.0049	-0.0001	-0.0018	0.0029	0.0024	0.0001	-0.0012	-0.0000	-0.0067	0.0026	0.0006	-0.0020	0.0012	-0.0016	-0.0009	-0.0016	0.0030	-0.0015	0.0024	-0.0024	-0.0031	0.0037	-0.0009	0.0034	0.0032	0.0034	-0.0010	0.0026	-0.0002	-0.0010	-0.0002	-0.0048	-0.0017	-0.0001	-0.0002	-0.0041	-0.0058	-0.0002	0.0029	-0.0001	0.0012	-0.0014	0.0014	0.0030	-0.0040	-0.0013	0.0023	0.0012	-0.0002	-0.0008	-0.0009	-0.0011	0.0003	0.0027	-0.0045	0.0051	-0.0022	-0.0036	-0.0024	0.0010	0.0010	0.0032	-0.0002	-0.0045	-0.0064	0.0072	0.0059	0.0081	-0.0061	0.0025	0.0010	-0.0020	-0.0065	-0.0327	0.0017	-0.0009	0.0040	0.0019	-0.0008	0.0024	-0.0009	0.0039	-0.0043	-0.0013	-0.0021	-0.0014	-0.0021	0.0029	-0.0019	-0.0031	-0.0022	-0.0012	-0.0021	0.0014	0.0097	0.0016	0.0012	0.0052	0.0019	-0.0006	0.0008	0.0008	-0.0017	-0.0043	0.0012	-0.0062	0.0029	0.0070	-0.0060	-0.0013	-0.0005	-0.0011	-0.0035	-0.0021	0.0027	0.0037	-0.0047	-0.0024	-0.0022
Cyanobacteriota	0.0052	0.0024	0.0019	0.0013	1.6341	-0.0005	0.0020	0.0036	0.0059	-0.0022	-0.0020	-0.0026	0.0010	-0.0053	-0.0005	-0.0028	-0.0028	-0.0103	0.0005	0.0057	-0.0000	0.0033	-0.0009	-0.0044	-0.0036	0.0038	0.0032	-0.0021	-0.0029	0.0000	0.0034	-0.0018	-0.0003	0.0029	-0.0016	-0.0059	0.0001	-0.0021	-0.0023	-0.0003	-0.0029	0.0019	0.0010	-0.0026	-0.0010	0.0000	-0.0058	0.0007	0.0002	-0.0037	-0.0023	-0.0043	-0.0025	0.0120	-0.0006	0.0001	-0.0000	0.0026	-0.0016	-0.0050	-0.0018	0.0056	-0.0025	0.0013	0.0023	0.0007	-0.0058	0.0026	0.0006	-0.0015	0.0003	0.0006	0.0046	-0.0028	0.0003	0.0021	-0.0007	0.0018	-0.0039	-0.0064	0.0040	0.0012	0.0016	-0.0026	-0.0016	-0.0014	0.0079	-0.0001	-0.0011	-0.0018	-0.0039	0.0006	0.0007	-0.0081	0.0000	0.0065	-0.0118	0.0000	-0.0053	0.0003	0.0026	-0.0016	-0.0020	-0.0009	0.0065	-0.0014	-0.0077	0.0025	-0.0032	-0.0022	-0.0048	-0.0030	0.0019	0.0028	-0.0021	-0.0013	0.0034	-0.0020	0.0007	0.0037	-0.0031	0.0010	0.0071	-0.0017	-0.0053	-0.0031	-0.0008	-0.0015	0.0079	-0.0016	-0.0054	0.0036	0.0036	0.0008	-0.0010	0.0024	-0.0034	0.0065	0.0002	-0.0004	-0.0023	0.0053	-0.0017	0.0040	-0.0002	0.0023	-0.0002	-0.0009	-0.0014	0.0014	0.0029	-0.0010	0.0021	0.0038	0.0036	-0.0002	0.0029	0.0022	-0.0072
Candidatus Melainabacteria	-0.0005	0.0024	0.0021	-0.0031	-0.0005	1.6374	0.0035	0.0021	-0.0014	-0.0090	0.0005	-0.0043	-0.0039	0.0003	-0.0001	-0.0053	0.0037	-0.0013	0.0025	-0.0053	-0.0011	0.0003	0.0040	-0.0006	-0.0072	0.0030	0.0013	-0.0002	0.0051	0.0025	0.0001	-0.0027	0.0015	-0.0020	0.0029	-0.0050	-0.0020	-0.0059	-0.0037	-0.0050	-0.0070	-0.0057	0.0067	-0.0001	-0.0023	-0.0055	0.0030	0.0033	-0.0099	-0.0032	-0.0041	0.0001	-0.0032	-0.0008	-0.0040	-0.0039	-0.0024	0.0011	-0.0030	0.0032	-0.0025	0.0042	-0.0018	-0.0026	0.0023	-0.0011	0.0038	0.0003	-0.0018	-0.0019	-0.0002	-0.0040	0.0028	0.0022	0.0029	-0.0005	0.0008	-0.0022	-0.0068	-0.0001	-0.0000	-0.0010	0.0038	0.0012	0.0003	0.0018	-0.0028	0.0011	-0.0022	0.0026	-0.0017	-0.0026	-0.0065	-0.0051	-0.0045	-0.0007	-0.0015	0.0010	0.0012	-0.0020	-0.0018	-0.0053	-0.0016	0.0046	0.0006	-0.0014	-0.0010	0.0041	-0.0047	-0.0007	-0.0009	-0.0033	-0.0021	-0.0011	0.0027	-0.0106	-0.0014	-0.0008	0.0025	0.0007	-0.0042	0.0022	0.0030	-0.0016	0.0043	-0.0034	0.0030	0.0007	-0.0019	-0.0026	-0.0027	0.0085	0.0041	0.0028	-0.0029	-0.0005	0.0058	-0.0041	0.0052	-0.0024	0.0034	0.0019	0.0035	-0.0020	0.0006	-0.0009	0.0002	-0.0017	0.0017	0.0012	-0.0016	-0.0045	-0.0017	0.0005	0.0023	-0.0032	0.0052	-0.0044	-0.0004
Candidatus Margulisbacteria	0.0002	-0.0004	0.0004	-0.0044	0.0020	0.0035	1.6396	0.0045	-0.0012	-0.0025	-0.0012	-0.0012	-0.0001	-0.0030	-0.0002	0.0058	0.0033	-0.0007	-0.0043	-0.0048	0.0051	0.0020	0.0042	-0.0076	-0.0011	-0.0067	0.0001	0.0031	0.0029	0.0028	-0.0024	0.0051	0.0043	0.0003	0.0040	0.0030	0.0056	-0.0019	-0.0043	0.0053	0.0000	0.0018	0.0048	-0.0021	-0.0027	-0.0000	-0.0034	-0.0008	-0.0056	-0.0008	-0.0012	-0.0049	0.0014	0.0028	0.0013	-0.0005	-0.0048	-0.0010	-0.0033	-0.0067	0.0004	0.0084	-0.0015	0.0002	0.0017	0.0021	-0.0003	-0.0022	0.0003	0.0018	0.0017	-0.0044	0.0003	-0.0015	-0.0012	-0.0004	-0.0011	-0.0034	0.0023	0.0007	-0.0000	0.0031	0.0011	-0.0030	0.0017	0.0011	0.0040	-0.0013	-0.0008	-0.0048	0.0000	-0.0013	-0.0001	0.0030	-0.0024	-0.0004	-0.0088	-0.0033	0.0011	0.0025	0.0001	0.0039	-0.0035	0.0005	0.0053	0.0023	-0.0033	0.0043	-0.0079	0.0076	-0.0054	-0.0056	0.0024	-0.0020	0.0029	-0.0007	-0.0035	0.0024	-0.0029	0.0021	-0.0025	-0.0084	-0.0031	-0.0047	0.0018	0.0029	-0.0032	0.0018	-0.0052	-0.0037	0.0009	-0.0044	0.0029	0.0053	-0.0017	-0.0011	-0.0002	0.0007	0.0070	-0.0006	-0.0027	0.0019	-0.0005	-0.0030	-0.0018	0.0026	0.0008	0.0015	-0.0065	-0.0012	0.0021	-0.0032	0.0007	-0.0070	-0.0042	0.0044	-0.0016	-0.0019	-0.0007
Deinococcota	0.0005	-0.0066	0.0058	-0.0029	0.0036	0.0021	0.0045	1.6348	0.0004	-0.0044	-0.0037	0.0001	0.0018	-0.0031	-0.0015	-0.0009	-0.0012	0.0004	-0.0002	0.0086	-0.0015	-0.0021	-0.0046	-0.0001	0.0034	-0.0035	0.0003	0.0027	0.0005	-0.0033	0.0100	-0.0034	0.0049	0.0039	0.0060	-0.0045	-0.0035	-0.0065	-0.0021	0.0068	0.0012	0.0000	-0.0045	-0.0035	-0.0013	0.0028	0.0004	-0.0048	0.0034	-0.0012	-0.0026	0.0038	0.0054	0.0016	-0.0029	-0.0026	-0.0012	-0.0007	-0.0003	-0.0018	0.0042	-0.0021	0.0022	-0.0074	0.0096	0.0063	-0.0042	-0.0024	-0.0014	-0.0034	0.0020	0.0001	-0.0036	-0.0050	-0.0031	-0.0008	0.0006	-0.0016	-0.0036	-0.0009	0.0030	-0.0012	-0.0081	-0.0007	-0.0069	-0.0016	-0.0019	-0.0006	0.0029	-0.0017	0.0019	-0.0089	0.0031	0.0049	-0.0033	0.0012	-0.0017	0.0048	-0.0019	-0.0021	0.0058	-0.0007	-0.0032	-0.0019	-0.0030	0.0054	-0.0009	-0.0069	-0.0004	-0.0030	-0.0036	-0.0013	-0.0020	-0.0036	0.0048	0.0062	-0.0003	0.0015	0.0004	-0.0001	-0.0044	-0.0034	-0.0015	0.0014	-0.0009	-0.0028	-0.0002	-0.0043	0.0026	0.0069	0.0046	0.0002	-0.0034	-0.0014	-0.0038	0.0001	-0.0075	0.0025	0.0042	0.0026	0.0023	0.0007	-0.0050	0.0025	-0.0005	-0.0049	-0.0039	-0.0011	0.0049	0.0007	0.0007	0.0022	-0.0002	-0.0011	-0.0044	-0.0019	-0.0003	-0.0034	0.0023
Armatimonadota	0.0007	-0.0024	0.0035	-0.0034	0.0059	-0.0014	-0.0012	0.0004	1.6366	-0.0018	0.0006	-0.0006	-0.0007	-0.0024	0.0029	-0.0097	-0.0003	0.0018	0.0025	-0.0061	-0.0064	-0.0082	-0.0021	0.0056	0.0007	-0.0044	0.0066	-0.0013	0.0033	-0.0036	-0.0014	0.0050	-0.0033	-0.0025	0.0055	0.0046	-0.0005	-0.0062	-0.0006	-0.0035	0.0039	0.0003	-0.0058	-0.0006	-0.0057	0.0027	0.0016	-0.0061	0.0013	0.0056	0.0027	-0.0042	-0.0049	0.0021	-0.0000	0.0008	-0.0016	0.0018	0.0007	-0.0032	-0.0087	-0.0042	0.0002	-0.0042	-0.0034	-0.0050	-0.0001	-0.0020	-0.0038	0.0022	0.0000	-0.0019	-0.0054	-0.0071	-0.0069	-0.0001	0.0005	0.0066	0.0053	0.0021	-0.0042	0.0025	-0.0032	0.0055	-0.0017	-0.0046	0.0055	0.0053	-0.0039	0.0066	0.0008	-0.0029	0.0043	-0.0057	0.0017	0.0041	-0.0009	0.0007	-0.0026	0.0019	0.0021	0.0066	0.0002	-0.0031	0.0046	-0.0006	-0.0096	0.0006	-0.0017	-0.0038	0.0027	0.0027	-0.0040	-0.0022	0.0061	-0.0055	0.0007	0.0005	0.0003	-0.0007	0.0077	-0.0013	0.0011	-0.0012	-0.0044	0.0018	-0.0001	0.0052	0.0005	-0.0038	0.0034	-0.0019	-0.0029	0.0059	-0.0028	-0.0052	0.0023	0.0057	0.0051	-0.0007	-0.0009	0.0012	0.0053	0.0004	-0.0025	-0.0037	-0.0008	-0.0028	0.0014	-0.0022	-0.0010	-0.0003	0.0018	0.0024	-0.0006	-0.0040	-0.0077	0.0019	-0.0007
Mycoplasmatota	0.0044	-0.0024	-0.0022	-0.0003	-0.0022	-0.0090	-0.0025	-0.0044	-0.0018	1.6444	-0.0048	0.0033	-0.0002	-0.0055	0.0064	0.0008	-0.0029	-0.0026	-0.0020	-0.0011	-0.0011	0.0003	0.0020	0.0003	0.0038	-0.0047	-0.0009	0.0025	-0.0023	-0.0031	-0.0006	0.0033	-0.0029	-0.0051	-0.0053	0.0011	-0.0040	-0.0058	-0.0007	0.0027	0.0000	-0.0008	0.0023	-0.0029	-0.0009	-0.0033	-0.0012	0.0030	0.0002	0.0021	-0.0081	-0.0057	0.0024	0.0047	-0.0039	0.0008	-0.0011	-0.0013	0.0005	0.0020	0.0001	-0.0022	-0.0033	0.0056	-0.0041	0.0064	-0.0054	-0.0002	0.0007	-0.0006	0.0013	-0.0038	-0.0027	0.0044	0.0024	-0.0065	0.0067	-0.0035	-0.0012	-0.0014	-0.0013	0.0007	-0.0024	0.0040	0.0011	0.0018	-0.0009	-0.0032	-0.0080	-0.0003	0.0108	-0.0001	0.0014	0.0014	-0.0000	-0.0022	0.0027	-0.0038	-0.0033	-0.0036	0.0002	0.0037	0.0041	-0.0001	-0.0037	-0.0028	0.0011	0.0015	0.0068	-0.0014	-0.0007	-0.0061	-0.0024	0.0047	-0.0048	-0.0105	-0.0025	0.0052	0.0021	0.0052	0.0013	-0.0004	0.0038	0.0023	0.0003	0.0026	-0.0021	0.0006	0.0007	-0.0022	-0.0033	0.0008	-0.0036	0.0006	0.0002	-0.0006	0.0012	-0.0029	0.0008	0.0067	0.0018	-0.0003	0.0032	-0.0009	0.0032	-0.0054	-0.0029	-0.0035	0.0020	-0.0026	0.0004	-0.0044	0.0056	-0.0042	0.0084	-0.0016	0.0036	-0.0027	0.0001
Thermomicrobiota	-0.0036	0.0048	-0.0018	-0.0006	-0.0020	0.0005	-0.0012	-0.0037	0.0006	-0.0048	1.6360	-0.0035	0.0005	-0.0027	-0.0065	0.0041	0.0015	-0.0031	-0.0016	-0.0037	-0.0028	0.0041	0.0081	0.0012	-0.0063	0.0012	-0.0037	-0.0021	-0.0077	0.0051	0.0082	0.0051	0.0061	-0.0045	-0.0009	0.0004	0.0021	-0.0050	-0.0023	-0.0050	-0.0020	0.0043	-0.0004	-0.0033	0.0011	-0.0010	-0.0014	-0.0058	0.0076	0.0018	-0.0018	-0.0041	0.0085	-0.0027	0.0084	-0.0062	-0.0046	0.0048	0.0027	-0.0034	0.0075	-0.0022	-0.0016	0.0016	-0.0006	0.0007	0.0053	0.0025	-0.0032	0.0007	-0.0059	-0.0037	-0.0037	0.0091	-0.0031	-0.0064	-0.0007	0.0009	0.0006	0.0000	0.0006	-0.0011	-0.0003	-0.0036	-0.0040	-0.0009	0.0033	-0.0042	-0.0034	-0.0073	0.0007	0.0004	-0.0015	0.0008	-0.0004	-0.0005	0.0027	0.0022	-0.0054	-0.0020	0.0030	0.0018	0.0006	0.0004	0.0010	-0.0003	-0.0031	-0.0043	-0.0012	-0.0035	0.0026	0.0010	-0.0013	-0.0010	-0.0016	-0.0053	0.0023	0.0032	-0.0012	-0.0039	-0.0001	-0.0002	-0.0021	-0.0049	0.0050	-0.0020	-0.0024	0.0025	0.0059	0.0031	-0.0009	-0.0037	-0.0053	-0.0036	-0.0035	-0.0026	-0.0020	-0.0035	0.0011	-0.0001	0.0060	-0.0003	0.0007	-0.0020	-0.0026	0.0060	-0.0028	0.0013	-0.0005	-0.0004	0.0014	-0.0054	-0.0003	0.0017	0.0007	-0.0021	-0.0009	0.0011	-0.0027
Candidatus Kaiserbacteria	-0.0011	-0.0019	-0.0031	0.0008	-0.0026	-0.0043	-0.0012	0.0001	-0.0006	0.0033	-0.0035	1.6255	0.0042	0.0004	-0.0041	0.0024	0.0005	-0.0021	0.0020	-0.0021	-0.0006	0.0038	0.0001	0.0002	0.0020	0.0032	0.0031	0.0024	0.0029	0.0042	-0.0025	0.0054	0.0056	0.0099	-0.0013	0.0013	0.0000	-0.0016	-0.0001	-0.0021	0.0008	-0.0020	0.0008	-0.0057	0.0013	-0.0007	0.0007	-0.0010	0.0020	-0.0000	-0.0026	-0.0001	0.0081	-0.0037	-0.0011	-0.0040	0.0049	-0.0005	0.0008	-0.0017	0.0006	-0.0021	-0.0004	0.0032	0.0006	0.0004	0.0009	-0.0078	-0.0031	0.0035	0.0031	0.0009	-0.0002	-0.0042	-0.0026	0.0019	0.0023	0.0011	-0.0006	-0.0030	0.0029	-0.0094	-0.0049	0.0027	-0.0045	-0.0010	-0.0007	0.0014	0.0070	-0.0028	-0.0036	-0.0002	-0.0039	0.0003	-0.0088	-0.0005	0.0039	0.0058	0.0013	-0.0017	0.0022	0.0008	-0.0013	-0.0060	-0.0075	0.0026	0.0031	-0.0075	-0.0000	0.0046	0.0007	0.0026	-0.0023	0.0005	0.0007	-0.0035	-0.0040	0.0029	-0.0034	-0.0052	0.0019	0.0018	-0.0042	0.0006	-0.0006	-0.0007	-0.0003	-0.0069	-0.0022	-0.0027	-0.0021	0.0002	-0.0032	0.0072	-0.0039	-0.0018	-0.0010	-0.0026	-0.0029	0.0031	0.0008	0.0047	0.0009	-0.0006	-0.0026	-0.0051	0.0000	0.0048	-0.0047	-0.0032	0.0016	0.0028	-0.0099	-0.0024	-0.0065	0.0009	0.0034	-0.0001	-0.0011
Candidatus Nomurabacteria	0.0039	-0.0043	0.0020	-0.0056	0.0010	-0.0039	-0.0001	0.0018	-0.0007	-0.0002	0.0005	0.0042	1.6363	0.0014	-0.0077	0.0012	-0.0025	0.0053	-0.0030	-0.0022	0.0009	0.0017	-0.0041	0.0054	-0.0018	-0.0001	0.0012	0.0007	0.0020	-0.0020	-0.0053	-0.0035	-0.0021	-0.0020	0.0027	-0.0016	0.0005	-0.0068	0.0025	-0.0004	0.0021	-0.0001	0.0047	0.0051	0.0003	-0.0031	-0.0060	0.0009	-0.0029	0.0047	0.0070	0.0038	0.0038	-0.0003	-0.0016	0.0005	-0.0046	0.0026	0.0011	0.0015	-0.0038	-0.0031	-0.0016	-0.0010	-0.0003	-0.0021	-0.0003	0.0017	0.0022	-0.0043	-0.0065	0.0017	-0.0088	-0.0006	-0.0055	-0.0026	-0.0069	-0.0038	-0.0051	0.0085	-0.0017	-0.0004	0.0034	0.0055	0.0057	-0.0063	0.0057	0.0017	-0.0038	0.0000	-0.0048	-0.0009	-0.0020	-0.0035	-0.0019	-0.0043	-0.0003	-0.0037	0.0016	0.0005	0.0011	0.0045	-0.0064	-0.0026	0.0027	-0.0009	-0.0036	-0.0071	0.0026	-0.0016	-0.0041	0.0029	0.0009	0.0047	-0.0067	0.0039	-0.0001	0.0069	-0.0024	-0.0000	-0.0006	-0.0002	-0.0063	0.0006	0.0005	0.0035	0.0031	0.0041	0.0011	0.0006	0.0009	-0.0036	0.0006	-0.0034	0.0017	0.0015	-0.0026	-0.0005	-0.0041	-0.0001	0.0009	-0.0019	-0.0070	0.0013	0.0029	0.0060	-0.0029	-0.0008	-0.0071	-0.0026	-0.0015	-0.0052	-0.0041	-0.0038	0.0070	-0.0060	-0.0003	-0.0014	0.0018
Candidatus Yanofskybacteria	0.0008	0.0014	0.0014	-0.0015	-0.0053	0.0003	-0.0030	-0.0031	-0.0024	-0.0055	-0.0027	0.0004	0.0014	1.6308	0.0059	0.0017	0.0006	0.0014	0.0023	0.0025	-0.0002	0.0017	0.0019	-0.0062	0.0080	0.0012	-0.0006	0.0061	0.0015	-0.0036	-0.0012	-0.0077	-0.0023	0.0043	-0.0031	-0.0040	-0.0035	0.0021	0.0033	0.0001	0.0000	0.0015	-0.0085	0.0019	-0.0011	-0.0013	-0.0011	-0.0038	-0.0039	-0.0052	-0.0020	0.0094	0.0021	-0.0009	-0.0019	-0.0013	0.0039	0.0024	-0.0050	-0.0008	0.0023	0.0012	0.0034	-0.0003	0.0031	-0.0049	-0.0020	0.0020	-0.0011	-0.0023	0.0058	-0.0025	-0.0008	0.0012	0.0032	-0.0004	0.0011	0.0004	-0.0016	0.0002	0.0029	0.0013	0.0052	0.0018	-0.0077	-0.0023	0.0021	0.0004	0.0042	-0.0016	0.0061	0.0002	-0.0003	-0.0080	0.0034	0.0026	-0.0007	-0.0036	0.0032	-0.0019	0.0009	-0.0012	0.0088	0.0016	-0.0001	0.0004	0.0001	0.0016	-0.0028	-0.0011	0.0038	-0.0012	-0.0010	-0.0033	-0.0008	0.0014	-0.0013	0.0022	0.0024	0.0006	0.0012	0.0010	-0.0026	-0.0033	-0.0056	-0.0048	-0.0039	-0.0093	-0.0012	-0.0060	0.0033	0.0020	-0.0004	-0.0018	-0.0038	-0.0033	0.0005	-0.0014	-0.0006	-0.0005	-0.0016	-0.0089	0.0001	-0.0046	0.0010	-0.0016	0.0035	0.0001	0.0010	-0.0008	-0.0066	0.0013	0.0002	0.0025	-0.0036	0.0003	0.0033	-0.0030	0.0047
Candidatus Azambacteria	-0.0004	-0.0015	0.0007	0.0037	-0.0005	-0.0001	-0.0002	-0.0015	0.0029	0.0064	-0.0065	-0.0041	-0.0077	0.0059	1.6379	0.0013	-0.0014	0.0009	0.0063	0.0041	0.0060	0.0028	-0.0010	-0.0032	0.0007	0.0018	-0.0029	-0.0041	0.0075	-0.0008	-0.0021	-0.0029	-0.0001	-0.0026	-0.0011	0.0005	0.0021	-0.0034	-0.0015	-0.0009	-0.0020	0.0044	0.0023	0.0030	-0.0028	-0.0024	-0.0029	-0.0012	-0.0075	-0.0065	-0.0020	-0.0020	-0.0030	0.0012	0.0021	-0.0029	0.0059	-0.0014	0.0032	0.0010	-0.0007	0.0023	0.0018	-0.0031	0.0009	-0.0008	0.0018	-0.0007	-0.0113	-0.0004	0.0049	-0.0029	0.0009	-0.0007	0.0012	-0.0015	-0.0044	0.0055	-0.0027	-0.0055	-0.0023	-0.0027	-0.0004	0.0002	0.0035	0.0074	-0.0003	-0.0070	0.0058	0.0016	-0.0048	-0.0011	0.0037	-0.0028	0.0005	-0.0024	0.0013	-0.0026	0.0004	-0.0032	0.0056	0.0097	-0.0052	-0.0047	-0.0020	0.0066	0.0025	0.0078	-0.0015	-0.0034	0.0001	-0.0007	-0.0042	0.0020	-0.0031	-0.0018	-0.0025	0.0080	0.0048	0.0032	0.0059	0.0027	-0.0052	-0.0031	-0.0009	0.0016	-0.0033	0.0049	0.0021	0.0023	-0.0111	0.0001	-0.0054	-0.0013	0.0043	-0.0005	0.0014	-0.0039	0.0038	0.0078	-0.0033	0.0082	-0.0055	-0.0004	0.0028	0.0025	-0.0005	0.0022	-0.0002	-0.0044	0.0046	0.0017	-0.0034	-0.0020	0.0049	-0.0059	0.0007	-0.0004	0.0008
Candidatus Falkowbacteria	-0.0042	0.0045	-0.0011	0.0022	-0.0028	-0.0053	0.0058	-0.0009	-0.0097	0.0008	0.0041	0.0024	0.0012	0.0017	0.0013	1.6318	-0.0026	-0.0020	0.0010	-0.0011	-0.0010	-0.0011	-0.0021	0.0010	-0.0080	-0.0001	0.0025	0.0011	-0.0031	0.0010	-0.0039	-0.0021	-0.0022	0.0081	-0.0003	0.0021	-0.0045	-0.0047	-0.0033	-0.0015	0.0064	-0.0020	0.0001	-0.0037	0.0007	0.0022	-0.0030	0.0059	-0.0005	-0.0056	-0.0045	0.0003	-0.0032	0.0007	0.0024	-0.0021	-0.0016	-0.0031	-0.0002	0.0023	-0.0038	0.0027	-0.0023	0.0018	-0.0044	-0.0022	0.0011	-0.0009	-0.0087	0.0061	0.0046	-0.0025	0.0073	-0.0019	0.0025	-0.0035	0.0005	-0.0009	-0.0061	0.0020	-0.0039	-0.0030	0.0038	-0.0020	0.0044	-0.0041	-0.0035	0.0020	0.0016	-0.0044	0.0061	-0.0043	0.0032	0.0035	0.0011	0.0035	0.0004	0.0012	-0.0061	0.0000	0.0068	-0.0008	0.0074	-0.0006	-0.0039	0.0033	0.0009	0.0000	-0.0083	0.0001	-0.0039	-0.0013	0.0007	0.0030	0.0019	-0.0019	-0.0054	-0.0019	-0.0001	-0.0036	-0.0014	-0.0015	-0.0066	0.0030	0.0061	0.0009	-0.0054	-0.0005	0.0042	-0.0004	-0.0041	-0.0032	-0.0007	0.0091	0.0040	-0.0004	-0.0008	0.0000	0.0006	-0.0057	0.0020	0.0017	0.0002	0.0011	0.0018	-0.0039	-0.0071	-0.0003	0.0046	-0.0032	-0.0048	-0.0032	-0.0013	0.0004	0.0052	-0.0039	-0.0045	0.0018	-0.0070
Candidatus Magasanikbacteria	-0.0014	0.0072	-0.0012	0.0004	-0.0028	0.0037	0.0033	-0.0012	-0.0003	-0.0029	0.0015	0.0005	-0.0025	0.0006	-0.0014	-0.0026	1.6379	-0.0036	0.0026	0.0014	-0.0034	-0.0039	0.0039	-0.0022	-0.0032	-0.0059	-0.0052	0.0026	-0.0016	-0.0011	-0.0017	-0.0061	0.0035	0.0018	-0.0073	0.0033	-0.0022	-0.0031	0.0008	-0.0019	0.0025	0.0088	0.0019	0.0006	0.0038	-0.0030	0.0001	-0.0029	-0.0027	0.0013	-0.0004	-0.0012	0.0047	-0.0024	0.0025	-0.0078	-0.0034	-0.0028	-0.0000	-0.0014	0.0001	-0.0038	0.0062	0.0006	0.0035	0.0035	0.0008	0.0021	-0.0048	-0.0065	-0.0039	0.0031	-0.0042	-0.0003	0.0033	-0.0053	-0.0047	0.0037	0.0079	-0.0062	0.0003	-0.0037	-0.0027	0.0001	0.0036	0.0036	0.0004	-0.0044	-0.0026	-0.0053	0.0007	-0.0030	-0.0005	-0.0032	0.0056	-0.0012	-0.0046	-0.0029	-0.0064	0.0023	-0.0026	-0.0145	-0.0017	0.0012	-0.0033	0.0027	-0.0028	0.0038	0.0020	-0.0032	-0.0021	0.0053	0.0031	0.0009	-0.0077	0.0023	-0.0014	0.0022	-0.0003	-0.0029	-0.0037	-0.0015	-0.0052	0.0018	0.0064	0.0040	-0.0041	0.0072	0.0018	-0.0030	0.0002	0.0099	-0.0016	-0.0008	0.0015	-0.0015	0.0000	0.0080	0.0088	-0.0070	0.0039	-0.0036	-0.0027	0.0026	-0.0056	0.0029	-0.0018	0.0043	0.0024	-0.0008	-0.0034	-0.0048	0.0040	-0.0025	-0.0019	-0.0035	0.0022	0.0017	-0.0006
Candidatus Nealsonbacteria	-0.0001	-0.0021	0.0008	0.0012	-0.0103	-0.0013	-0.0007	0.0004	0.0018	-0.0026	-0.0031	-0.0021	0.0053	0.0014	0.0009	-0.0020	-0.0036	1.6370	0.0028	-0.0039	-0.0034	0.0021	0.0046	0.0004	-0.0026	0.0012	-0.0016	0.0016	-0.0007	0.0014	-0.0016	-0.0050	0.0053	0.0000	0.0030	0.0043	-0.0017	0.0007	-0.0053	-0.0029	0.0021	0.0059	-0.0051	-0.0031	-0.0075	-0.0004	0.0024	-0.0005	0.0053	0.0042	-0.0008	-0.0014	0.0015	0.0069	-0.0020	0.0006	-0.0014	-0.0016	0.0033	-0.0030	-0.0015	-0.0029	0.0005	0.0023	-0.0050	0.0033	-0.0003	-0.0056	-0.0004	-0.0011	-0.0005	-0.0030	0.0020	-0.0028	0.0004	-0.0038	0.0052	-0.0052	0.0071	0.0028	-0.0051	0.0031	-0.0014	0.0025	-0.0093	-0.0013	0.0002	0.0024	-0.0036	-0.0009	-0.0023	0.0007	-0.0058	0.0002	0.0030	0.0005	0.0009	-0.0057	0.0003	-0.0009	0.0053	-0.0019	-0.0002	-0.0030	0.0029	-0.0103	-0.0049	0.0012	-0.0007	0.0036	-0.0052	-0.0036	0.0021	0.0026	-0.0031	0.0043	-0.0006	-0.0027	-0.0014	-0.0003	0.0011	0.0032	-0.0057	-0.0004	0.0009	0.0008	-0.0020	-0.0022	0.0000	0.0019	-0.0041	-0.0030	-0.0034	-0.0003	-0.0066	0.0054	0.0010	-0.0041	0.0039	-0.0041	-0.0001	0.0038	-0.0002	0.0032	-0.0058	-0.0057	-0.0038	0.0027	-0.0066	-0.0012	-0.0004	0.0002	0.0020	-0.0004	-0.0037	0.0015	-0.0007	-0.0030	-0.0008
Candidatus Uhrbacteria	-0.0033	0.0002	0.0017	0.0046	0.0005	0.0025	-0.0043	-0.0002	0.0025	-0.0020	-0.0016	0.0020	-0.0030	0.0023	0.0063	0.0010	0.0026	0.0028	1.6532	0.0064	-0.0017	-0.0040	-0.0080	-0.0006	0.0027	0.0018	-0.0036	0.0052	-0.0033	-0.0013	0.0034	0.0026	-0.0062	-0.0003	-0.0055	-0.0017	-0.0063	-0.0016	0.0021	0.0064	0.0001	-0.0035	-0.0033	0.0027	-0.0046	0.0032	0.0075	0.0017	-0.0025	0.0059	0.0022	0.0026	0.0020	-0.0012	-0.0049	-0.0019	-0.0015	-0.0067	-0.0020	0.0040	0.0045	0.0073	-0.0012	0.0020	0.0006	-0.0001	0.0054	0.0050	-0.0057	-0.0001	-0.0038	-0.0022	0.0005	-0.0039	0.0035	0.0013	-0.0036	-0.0072	0.0035	0.0031	0.0038	0.0031	-0.0007	-0.0011	0.0011	-0.0003	0.0025	-0.0038	-0.0001	0.0022	0.0040	-0.0080	0.0018	-0.0060	0.0016	0.0042	-0.0009	0.0021	-0.0015	0.0019	-0.0023	-0.0027	-0.0046	-0.0045	-0.0009	0.0040	0.0015	0.0009	-0.0026	-0.0029	-0.0047	-0.0022	0.0006	-0.0063	-0.0038	-0.0046	0.0005	0.0016	-0.0047	0.0003	-0.0006	0.0001	0.0034	0.0068	0.0010	-0.0031	0.0018	0.0023	-0.0033	-0.0003	0.0007	-0.0023	-0.0013	-0.0084	0.0066	0.0032	0.0002	0.0006	-0.0030	-0.0034	0.0007	0.0018	-0.0026	0.0053	0.0011	-0.0032	-0.0053	0.0030	0.0003	-0.0057	0.0037	-0.0029	-0.0068	0.0005	-0.0021	-0.0003	-0.0039	-0.0069	-0.0048
Candidatus Giovannonibacteria	-0.0007	0.0018	-0.0032	0.0025	0.0057	-0.0053	-0.0048	0.0086	-0.0061	-0.0011	-0.0037	-0.0021	-0.0022	0.0025	0.0041	-0.0011	0.0014	-0.0039	0.0064	1.6394	-0.0038	-0.0011	0.0004	-0.0031	-0.0010	0.0038	0.0017	0.0063	-0.0006	-0.0070	-0.0084	-0.0053	0.0031	-0.0003	0.0033	-0.0018	0.0002	0.0037	0.0005	-0.0034	0.0037	0.0041	-0.0021	-0.0023	-0.0036	-0.0051	-0.0007	-0.0046	0.0031	-0.0007	0.0019	0.0019	0.0044	-0.0026	-0.0020	-0.0007	-0.0030	0.0054	0.0001	0.0014	-0.0051	-0.0066	-0.0022	-0.0027	0.0025	0.0010	0.0057	-0.0027	-0.0046	0.0007	0.0014	-0.0039	-0.0063	-0.0004	-0.0024	0.0017	0.0006	-0.0031	0.0024	-0.0006	-0.0013	-0.0072	-0.0054	-0.0016	0.0042	-0.0007	-0.0020	-0.0035	-0.0028	0.0056	-0.0037	-0.0034	-0.0020	-0.0013	0.0012	0.0037	-0.0007	0.0034	-0.0010	0.0020	0.0013	0.0055	0.0006	-0.0019	-0.0012	-0.0030	0.0016	-0.0067	-0.0027	0.0046	0.0046	0.0003	-0.0017	0.0007	0.0057	0.0016	-0.0015	0.0043	-0.0010	-0.0037	-0.0013	0.0062	0.0049	-0.0014	0.0000	0.0039	-0.0023	-0.0002	0.0001	0.0018	0.0009	-0.0019	-0.0027	0.0061	-0.0016	-0.0052	-0.0018	-0.0020	-0.0029	-0.0011	0.0020	-0.0064	-0.0028	-0.0059	-0.0002	-0.0002	-0.0016	-0.0021	-0.0002	0.0027	0.0029	0.0031	-0.0012	0.0024	-0.0038	0.0010	0.0056	0.0078	0.0032
Candidatus Moranbacteria	0.0000	0.0008	-0.0001	-0.0009	-0.0000	-0.0011	0.0051	-0.0015	-0.0064	-0.0011	-0.0028	-0.0006	0.0009	-0.0002	0.0060	-0.0010	-0.0034	-0.0034	-0.0017	-0.0038	1.6374	0.0065	-0.0022	0.0027	-0.0013	-0.0008	-0.0031	-0.0029	0.0024	0.0040	-0.0019	-0.0044	0.0047	-0.0030	-0.0090	-0.0002	0.0004	-0.0018	-0.0020	0.0017	0.0063	0.0028	-0.0060	0.0011	-0.0011	-0.0015	-0.0017	0.0039	0.0040	-0.0059	-0.0065	0.0027	0.0035	0.0009	0.0007	0.0019	-0.0058	-0.0031	0.0037	-0.0024	0.0014	0.0038	0.0047	0.0020	-0.0012	-0.0022	-0.0060	0.0052	-0.0020	-0.0055	-0.0058	0.0022	-0.0019	-0.0006	-0.0047	-0.0063	0.0019	0.0034	-0.0076	0.0049	0.0017	-0.0081	0.0024	0.0006	-0.0043	-0.0034	0.0004	-0.0028	-0.0058	0.0006	0.0025	-0.0030	-0.0070	0.0023	0.0015	-0.0041	0.0029	-0.0108	0.0051	0.0047	-0.0054	0.0001	0.0016	0.0001	-0.0054	0.0020	-0.0018	0.0026	0.0031	0.0016	-0.0069	-0.0003	0.0022	-0.0010	0.0017	0.0004	-0.0048	0.0058	0.0012	-0.0010	0.0011	-0.0032	0.0002	0.0018	0.0032	0.0002	0.0038	-0.0012	-0.0038	-0.0062	-0.0012	-0.0057	-0.0050	-0.0045	0.0019	-0.0006	0.0058	0.0041	-0.0054	-0.0027	-0.0022	-0.0025	0.0048	0.0065	0.0005	-0.0064	0.0062	0.0014	-0.0025	-0.0021	-0.0012	-0.0074	-0.0012	-0.0042	0.0006	0.0020	0.0041	0.0025	0.0018
Candidatus Zambryskibacteria	0.0029	-0.0025	0.0022	-0.0027	0.0033	0.0003	0.0020	-0.0021	-0.0082	0.0003	0.0041	0.0038	0.0017	0.0017	0.0028	-0.0011	-0.0039	0.0021	-0.0040	-0.0011	0.0065	1.6341	-0.0005	-0.0043	-0.0008	0.0031	-0.0018	0.0018	-0.0026	0.0015	-0.0004	-0.0057	0.0016	0.0025	0.0034	-0.0047	0.0063	-0.0033	-0.0053	-0.0060	-0.0025	0.0005	-0.0040	-0.0026	-0.0081	0.0032	-0.0021	-0.0015	0.0054	0.0005	-0.0018	-0.0051	-0.0040	0.0035	0.0034	0.0032	-0.0021	-0.0081	-0.0017	-0.0064	-0.0074	-0.0006	0.0037	0.0006	-0.0001	0.0047	-0.0014	0.0025	-0.0063	0.0037	0.0017	0.0112	0.0044	-0.0065	0.0035	0.0019	-0.0056	-0.0064	-0.0036	-0.0068	-0.0042	0.0041	0.0024	-0.0005	-0.0010	-0.0026	-0.0019	-0.0034	0.0003	-0.0041	-0.0030	0.0076	-0.0015	0.0028	-0.0001	-0.0025	-0.0081	-0.0019	0.0021	-0.0026	-0.0004	0.0005	-0.0016	0.0017	-0.0041	-0.0007	0.0021	-0.0014	-0.0027	-0.0012	-0.0030	-0.0028	-0.0012	-0.0040	-0.0047	-0.0075	0.0009	-0.0007	-0.0046	-0.0002	0.0032	-0.0036	-0.0039	0.0029	0.0018	0.0028	0.0005	-0.0018	0.0001	0.0018	-0.0032	-0.0009	-0.0007	-0.0041	-0.0006	0.0076	0.0001	0.0017	-0.0003	0.0050	0.0024	0.0072	-0.0026	0.0000	-0.0009	-0.0011	-0.0006	0.0005	-0.0045	0.0022	0.0076	-0.0104	-0.0028	-0.0014	-0.0047	-0.0040	-0.0021	0.0001	0.0043
Candidatus Staskawiczbacteria	0.0058	0.0005	-0.0071	-0.0010	-0.0009	0.0040	0.0042	-0.0046	-0.0021	0.0020	0.0081	0.0001	-0.0041	0.0019	-0.0010	-0.0021	0.0039	0.0046	-0.0080	0.0004	-0.0022	-0.0005	1.6461	-0.0020	0.0008	-0.0019	-0.0021	-0.0005	0.0014	-0.0002	0.0006	-0.0002	0.0002	0.0011	0.0020	0.0009	0.0018	-0.0007	-0.0006	0.0028	0.0008	-0.0017	0.0009	-0.0027	0.0009	0.0018	-0.0050	0.0009	0.0040	-0.0033	0.0034	-0.0033	0.0037	-0.0039	-0.0000	0.0003	-0.0026	0.0003	-0.0010	-0.0011	0.0006	0.0070	0.0019	0.0021	0.0013	-0.0014	-0.0047	0.0040	0.0035	0.0057	-0.0056	0.0029	-0.0004	0.0013	0.0024	-0.0039	0.0051	0.0010	0.0041	0.0015	-0.0079	-0.0019	-0.0025	-0.0007	-0.0020	-0.0004	-0.0016	-0.0043	0.0002	-0.0035	-0.0077	0.0021	-0.0063	0.0024	-0.0060	-0.0011	0.0038	-0.0005	0.0011	-0.0007	0.0006	0.0014	-0.0020	-0.0010	-0.0045	0.0025	-0.0022	-0.0014	0.0001	-0.0058	-0.0022	-0.0051	-0.0009	0.0032	-0.0044	-0.0069	0.0000	-0.0005	0.0042	-0.0002	-0.0051	-0.0020	0.0002	-0.0004	-0.0023	0.0043	-0.0001	0.0042	0.0020	0.0039	0.0075	-0.0017	0.0007	-0.0037	-0.0049	-0.0008	-0.0029	0.0004	-0.0014	-0.0007	-0.0006	0.0040	0.0069	-0.0013	-0.0026	-0.0010	0.0066	0.0006	0.0003	0.0029	0.0002	-0.0018	-0.0015	-0.0039	-0.0034	-0.0000	-0.0007	0.0001	-0.0021
Candidatus Wolfebacteria	0.0055	-0.0009	0.0014	-0.0009	-0.0044	-0.0006	-0.0076	-0.0001	0.0056	0.0003	0.0012	0.0002	0.0054	-0.0062	-0.0032	0.0010	-0.0022	0.0004	-0.0006	-0.0031	0.0027	-0.0043	-0.0020	1.6396	-0.0012	0.0041	0.0015	-0.0044	-0.0004	0.0037	-0.0027	0.0024	-0.0076	-0.0017	0.0003	0.0009	0.0021	-0.0004	-0.0021	-0.0026	0.0008	-0.0038	0.0009	-0.0033	-0.0046	-0.0063	0.0006	-0.0012	-0.0032	0.0019	0.0025	-0.0044	-0.0018	-0.0044	0.0024	-0.0002	-0.0010	-0.0019	-0.0033	-0.0041	0.0009	-0.0012	0.0042	0.0040	-0.0026	-0.0002	0.0004	0.0050	0.0014	0.0023	0.0050	-0.0023	0.0006	0.0060	0.0010	-0.0037	0.0001	0.0005	0.0053	0.0022	-0.0008	-0.0023	0.0005	0.0053	-0.0042	0.0016	-0.0033	0.0016	-0.0086	0.0026	-0.0137	0.0022	0.0017	0.0036	-0.0028	-0.0001	-0.0023	-0.0050	0.0052	-0.0087	-0.0014	0.0011	-0.0015	-0.0018	0.0015	0.0024	0.0005	0.0003	-0.0058	-0.0053	0.0039	-0.0016	0.0034	0.0018	0.0019	-0.0008	-0.0009	-0.0009	-0.0032	-0.0008	0.0039	-0.0011	-0.0066	-0.0028	0.0030	-0.0009	-0.0023	0.0007	-0.0010	0.0039	-0.0022	-0.0055	-0.0036	-0.0000	0.0020	0.0025	-0.0030	-0.0026	0.0017	-0.0019	-0.0016	0.0039	-0.0010	0.0048	-0.0018	-0.0053	-0.0049	-0.0008	0.0012	0.0044	0.0054	-0.0003	-0.0068	-0.0025	0.0006	-0.0022	-0.0038	-0.0051	-0.0049
Candidatus Harrisonbacteria	0.0010	0.0078	-0.0003	0.0005	-0.0036	-0.0072	-0.0011	0.0034	0.0007	0.0038	-0.0063	0.0020	-0.0018	0.0080	0.0007	-0.0080	-0.0032	-0.0026	0.0027	-0.0010	-0.0013	-0.0008	0.0008	-0.0012	1.6425	0.0018	0.0030	0.0042	0.0003	-0.0039	-0.0071	0.0026	0.0044	-0.0012	0.0057	0.0013	0.0059	-0.0005	-0.0031	0.0046	0.0006	-0.0078	0.0013	0.0077	0.0001	-0.0024	-0.0038	0.0032	-0.0042	0.0003	0.0020	-0.0009	-0.0034	0.0031	-0.0043	0.0025	-0.0039	-0.0038	-0.0016	-0.0065	-0.0023	0.0028	-0.0011	0.0052	0.0007	0.0027	-0.0042	-0.0039	-0.0032	-0.0068	-0.0031	0.0004	0.0054	-0.0039	-0.0013	-0.0043	0.0034	-0.0066	0.0031	-0.0005	-0.0012	0.0002	-0.0097	-0.0042	-0.0026	-0.0006	-0.0061	0.0015	0.0046	0.0032	-0.0033	0.0042	-0.0005	-0.0056	0.0043	0.0035	0.0030	-0.0003	0.0088	-0.0003	-0.0003	0.0011	0.0004	-0.0017	0.0019	0.0005	-0.0061	-0.0039	0.0007	0.0012	-0.0012	-0.0017	0.0014	0.0010	-0.0009	-0.0001	0.0017	0.0028	0.0033	-0.0027	-0.0024	0.0010	-0.0026	0.0012	0.0019	-0.0000	0.0039	-0.0049	-0.0047	-0.0028	0.0010	0.0010	0.0053	-0.0019	-0.0010	-0.0023	0.0008	-0.0026	0.0047	0.0023	-0.0030	0.0008	-0.0015	-0.0024	-0.0051	-0.0023	-0.0065	-0.0021	-0.0011	-0.0018	-0.0063	0.0006	-0.0002	0.0023	0.0002	-0.0024	0.0010	0.0001	0.0004
Candidatus Taylorbacteria	-0.0071	-0.0008	0.0017	0.0055	0.0038	0.0030	-0.0067	-0.0035	-0.0044	-0.0047	0.0012	0.0032	-0.0001	0.0012	0.0018	-0.0001	-0.0059	0.0012	0.0018	0.0038	-0.0008	0.0031	-0.0019	0.0041	0.0018	1.6411	0.0025	0.0002	-0.0010	-0.0065	-0.0038	-0.0058	0.0007	0.0003	-0.0008	0.0037	-0.0111	0.0109	-0.0008	-0.0010	-0.0077	-0.0011	-0.0007	0.0024	0.0028	-0.0084	-0.0023	-0.0091	-0.0005	-0.0030	0.0032	-0.0029	-0.0026	0.0010	0.0029	0.0016	0.0032	0.0007	-0.0005	0.0030	-0.0027	0.0032	0.0012	-0.0076	-0.0020	0.0024	0.0027	0.0040	0.0049	-0.0039	-0.0066	-0.0032	-0.0000	0.0038	-0.0023	0.0047	-0.0008	-0.0047	-0.0029	-0.0020	-0.0040	0.0046	-0.0001	0.0009	0.0070	-0.0024	-0.0000	-0.0001	0.0038	0.0056	-0.0033	0.0005	0.0015	-0.0021	-0.0002	-0.0110	0.0009	-0.0034	0.0006	-0.0030	0.0032	-0.0001	0.0013	-0.0030	0.0068	-0.0041	0.0037	0.0023	0.0015	0.0013	-0.0005	0.0010	-0.0036	0.0051	-0.0031	-0.0059	-0.0023	0.0051	0.0023	-0.0035	0.0027	0.0019	-0.0023	-0.0026	0.0008	-0.0045	-0.0070	-0.0027	-0.0019	-0.0073	-0.0022	0.0037	0.0040	0.0028	0.0032	-0.0055	0.0012	-0.0001	-0.0014	0.0002	-0.0019	-0.0008	-0.0013	0.0019	-0.0027	0.0035	0.0049	-0.0023	0.0072	0.0058	-0.0051	-0.0007	0.0001	-0.0016	-0.0015	-0.0040	0.0022	-0.0001	-0.0068
Candidatus Buchananbacteria	-0.0033	0.0005	0.0028	-0.0017	0.0032	0.0013	0.0001	0.0003	0.0066	-0.0009	-0.0037	0.0031	0.0012	-0.0006	-0.0029	0.0025	-0.0052	-0.0016	-0.0036	0.0017	-0.0031	-0.0018	-0.0021	0.0015	0.0030	0.0025	1.6349	0.0014	0.0041	0.0010	0.0023	-0.0026	-0.0018	0.0006	0.0009	0.0021	0.0002	-0.0007	0.0044	-0.0028	-0.0045	0.0034	-0.0039	0.0015	0.0014	-0.0044	-0.0029	-0.0006	0.0032	-0.0020	-0.0015	0.0014	-0.0010	0.0066	-0.0021	0.0011	0.0006	0.0066	-0.0026	0.0028	0.0005	-0.0090	-0.0014	0.0005	0.0037	-0.0034	-0.0033	0.0045	-0.0030	-0.0013	-0.0050	-0.0014	0.0025	0.0004	0.0029	-0.0003	-0.0038	-0.0029	0.0002	0.0022	-0.0055	0.0048	-0.0024	-0.0056	0.0061	0.0006	0.0049	0.0020	-0.0004	-0.0032	0.0046	-0.0010	-0.0033	-0.0012	-0.0005	-0.0008	-0.0009	0.0021	-0.0039	-0.0014	0.0007	-0.0020	-0.0039	0.0006	0.0027	-0.0020	-0.0002	-0.0005	0.0016	-0.0054	-0.0018	0.0018	0.0033	0.0002	-0.0053	0.0037	0.0028	-0.0053	0.0038	0.0027	0.0034	0.0017	0.0008	-0.0033	-0.0031	-0.0011	-0.0034	-0.0027	-0.0038	0.0056	0.0026	-0.0005	-0.0016	-0.0059	-0.0001	0.0005	-0.0023	-0.0028	0.0044	-0.0034	-0.0010	0.0049	0.0037	0.0030	-0.0101	-0.0021	0.0013	-0.0046	-0.0018	-0.0005	0.0028	0.0045	0.0020	-0.0011	-0.0051	-0.0017	-0.0015	-0.0014	0.0016
Candidatus Portnoybacteria	-0.0047	0.0002	0.0020	-0.0008	-0.0021	-0.0002	0.0031	0.0027	-0.0013	0.0025	-0.0021	0.0024	0.0007	0.0061	-0.0041	0.0011	0.0026	0.0016	0.0052	0.0063	-0.0029	0.0018	-0.0005	-0.0044	0.0042	0.0002	0.0014	1.6366	0.0013	0.0030	-0.0003	0.0065	-0.0008	0.0014	0.0057	-0.0031	-0.0036	0.0001	0.0027	-0.0044	-0.0029	-0.0016	0.0013	-0.0009	-0.0018	-0.0053	0.0030	0.0029	0.0009	-0.0029	-0.0011	-0.0006	-0.0055	-0.0075	-0.0005	-0.0019	-0.0014	-0.0020	-0.0044	-0.0004	0.0057	0.0018	-0.0003	0.0056	-0.0024	-0.0047	-0.0031	0.0060	0.0044	-0.0056	-0.0039	0.0013	-0.0025	0.0026	0.0020	0.0053	-0.0025	-0.0012	-0.0020	-0.0018	-0.0038	0.0010	-0.0023	-0.0012	-0.0016	0.0004	-0.0016	-0.0031	0.0012	-0.0000	0.0002	0.0014	-0.0058	-0.0034	0.0067	-0.0015	-0.0024	-0.0030	-0.0053	0.0012	-0.0005	0.0011	-0.0018	-0.0038	0.0000	0.0005	-0.0029	0.0011	-0.0030	0.0035	0.0000	0.0041	0.0012	-0.0063	-0.0054	-0.0022	-0.0016	-0.0017	-0.0018	-0.0046	0.0038	-0.0046	-0.0058	-0.0034	0.0002	0.0066	-0.0035	0.0046	0.0002	0.0055	-0.0005	0.0012	0.0023	-0.0032	0.0040	0.0000	0.0008	-0.0019	-0.0037	-0.0017	-0.0057	0.0030	0.0011	-0.0030	0.0009	0.0017	-0.0034	0.0022	0.0015	-0.0022	-0.0035	0.0013	0.0027	-0.0020	0.0055	-0.0035	-0.0013	0.0040	-0.0004
Candidatus Adlerbacteria	0.0013	0.0056	-0.0021	-0.0025	-0.0029	0.0051	0.0029	0.0005	0.0033	-0.0023	-0.0077	0.0029	0.0020	0.0015	0.0075	-0.0031	-0.0016	-0.0007	-0.0033	-0.0006	0.0024	-0.0026	0.0014	-0.0004	0.0003	-0.0010	0.0041	0.0013	1.6455	-0.0048	-0.0033	-0.0029	-0.0090	-0.0048	0.0042	0.0009	-0.0080	0.0062	-0.0023	-0.0020	-0.0084	0.0017	-0.0029	-0.0036	0.0037	-0.0009	-0.0015	0.0008	0.0030	0.0036	-0.0000	-0.0013	-0.0048	-0.0045	-0.0082	-0.0014	-0.0060	-0.0005	0.0026	0.0011	0.0009	0.0041	-0.0015	0.0044	0.0010	0.0021	-0.0026	-0.0091	0.0009	0.0023	0.0017	0.0017	0.0071	-0.0032	-0.0023	-0.0072	0.0024	-0.0043	-0.0034	0.0052	-0.0020	-0.0015	-0.0019	0.0023	-0.0008	0.0016	-0.0052	0.0007	-0.0043	0.0040	0.0003	0.0031	-0.0050	-0.0048	-0.0013	-0.0019	0.0006	0.0036	-0.0023	0.0003	-0.0050	0.0047	-0.0062	-0.0042	-0.0020	0.0023	-0.0105	-0.0006	0.0025	-0.0040	-0.0012	-0.0012	0.0019	0.0016	0.0015	0.0052	0.0029	0.0008	0.0023	-0.0010	-0.0071	-0.0081	0.0024	-0.0004	-0.0065	0.0086	0.0001	0.0049	-0.0020	-0.0043	0.0029	0.0055	0.0022	-0.0025	0.0037	-0.0024	-0.0044	-0.0011	-0.0054	0.0015	-0.0031	0.0011	0.0071	-0.0001	0.0000	0.0028	-0.0098	0.0067	-0.0048	0.0025	0.0016	-0.0003	0.0014	0.0034	0.0038	0.0004	-0.0018	-0.0007	0.0022
